fold	n features	NMI score	Accuracy score	ROC AUC score
0	22681	0.08589323114702688	0.6869009584664537	0.6478917957835917
0	20412	0.04280172970391202	0.645367412140575	0.6042037084074168
0	18370	0.09354414282380978	0.6932907348242812	0.655765811531623
0	16533	0.07879648619272774	0.6805111821086262	0.638768944204555
0	14879	0.07093326982004299	0.670926517571885	0.6194649055964778
0	13391	0.11053509778044715	0.7060702875399361	0.669016171365676
0	12051	0.07641424101668413	0.6773162939297125	0.6310854288375243
0	10845	0.12233398911211947	0.7156549520766773	0.6833248666497334
0	9760	0.10930945132339383	0.7028753993610224	0.6600838201676404
0	8784	0.09619879386270905	0.6932907348242812	0.649521632376598
0	7905	0.14736271314484578	0.731629392971246	0.6980145626957921
0	7114	0.1277046660386522	0.7188498402555911	0.684764202861739
0	6402	0.10354207008793484	0.6996805111821086	0.6586444839556346
0	5761	0.08216271269186969	0.6837060702875399	0.6439547879095759
0	5184	0.14464233630051154	0.7284345047923323	0.6915798831597664
0	4665	0.075173342548926	0.6773162939297125	0.6348319363305394
0	4198	0.11605484158682153	0.7092651757188498	0.6704555075776819
0	3778	0.15687055939915417	0.7380191693290735	0.7058885784438236
0	3400	0.13207562876075196	0.7188498402555911	0.6785200237067142
0	3060	0.12331779775408767	0.7156549520766773	0.6808271949877233
0	2754	0.16757543355387558	0.744408945686901	0.7125137583608501
0	2478	0.1602432667458875	0.7412140575079872	0.7123232579798493
0	2230	0.11002906596539191	0.7060702875399361	0.6702650071966811
0	2007	0.17588285950114058	0.7507987220447284	0.7228854457708914
0	1806	0.14002235744284816	0.7252396166134185	0.6876428752857505
0	1625	0.14023098236838621	0.7284345047923323	0.6990728981457962
0	1462	0.1646093316591266	0.744408945686901	0.7175091016848699
0	1315	0.18157148073720306	0.7476038338658147	0.7089577512488358
0	1183	0.22961598613695813	0.7763578274760383	0.7443908221149774
0	1064	0.21408550866705434	0.7731629392971247	0.7491956650579968
0	957	0.182735406806862	0.7539936102236422	0.7243247819828972
0	861	0.21408550866705434	0.7731629392971247	0.7491956650579968
0	774	0.21495734829362081	0.7731629392971247	0.7479468292269918
0	696	0.23718163815220242	0.7827476038338658	0.7547625095250191
0	626	0.2216136832033991	0.7763578274760383	0.7506350012700026
0	563	0.182735406806862	0.7539936102236422	0.7243247819828972
0	506	0.31755601289223995	0.8210862619808307	0.798260096520193
0	455	0.29152118062513066	0.8083067092651757	0.78251206502413
0	409	0.2275880700754931	0.7763578274760383	0.7456396579459825
0	368	0.29888920671202207	0.8146964856230032	0.7941325882651765
0	331	0.287483346198723	0.8083067092651757	0.7850097366861402
0	297	0.287483346198723	0.8083067092651757	0.7850097366861402
0	267	0.33452898254534963	0.8306709265175719	0.8125687918042503
0	240	0.3333791431923855	0.8274760383386581	0.8048852764372195
0	216	0.32559056531178626	0.8210862619808307	0.7945135890271782
0	194	0.378508434990518	0.8466453674121406	0.8272584878503091
0	174	0.37391430891059585	0.8434504792332268	0.8220726441452885
0	156	0.3380393213990087	0.8306709265175719	0.8100711201422404
0	140	0.40249319114380583	0.8594249201277955	0.849250698501397
0	126	0.3913526743682563	0.853035143769968	0.8363813394293454
0	113	0.35264929747201224	0.8338658146964856	0.8102616205232411
0	101	0.3667820355979891	0.8434504792332268	0.8258191516383032
0	90	0.3497598471527845	0.8338658146964856	0.8115104563542461
0	81	0.32750819906374884	0.8274760383386581	0.8086317839302346
0	72	0.38183199092683956	0.8498402555910544	0.8336931673863347
0	64	0.38029154071247484	0.8498402555910544	0.8349420032173398
0	57	0.4090340070248709	0.8594249201277955	0.843006519346372
0	51	0.4012217484181099	0.8562300319488818	0.8390695114723563
0	45	0.33940154823978674	0.8338658146964856	0.819003471340276
0	40	0.359640192149349	0.8370607028753994	0.8141986283972569
0	36	0.36267507010102845	0.8434504792332268	0.8295656591313182
0	32	0.38954122527998547	0.853035143769968	0.8376301752603504
0	28	0.34165854027192133	0.8338658146964856	0.8165057996782661
0	25	0.33452898254534963	0.8306709265175719	0.8125687918042503
0	22	0.3742470917605086	0.8466453674121406	0.8297561595123191
0	19	0.32613065384610695	0.8274760383386581	0.8098806197612396
0	17	0.33867212369013416	0.8338658146964856	0.8202523071712811
0	15	0.33940154823978674	0.8338658146964856	0.819003471340276
0	13	0.32316077799804427	0.8274760383386581	0.8148759630852596
0	11	0.30246799476094244	0.8178913738019169	0.8018161036322073
0	9	0.30937704805479554	0.8210862619808307	0.805753111506223
0	8	0.31799793430144446	0.8242811501597445	0.8071924477182287
0	7	0.28239029455804443	0.8083067092651757	0.79000508001016
0	6	0.30189709917473984	0.8178913738019169	0.8030649394632122
0	5	0.2883014176705926	0.8115015974440895	0.7951909237151809
0	4	0.2296584973099006	0.7827476038338658	0.766002032004064
0	3	0.2068694163138041	0.7699680511182109	0.756498179663026
0	2	0.22907418366446794	0.7795527156549521	0.7745533824400981
0	1	0.015821859930918197	0.5878594249201278	0.5733003132672932
1	22681	0.08692319162529616	0.6837060702875399	0.6339641012615359
1	20412	0.05759142827293843	0.6613418530351438	0.6201422402844806
1	18370	0.06495657370867859	0.6677316293929713	0.621772076877487
1	16533	0.08333052601900114	0.6837060702875399	0.6402082804165609
1	14879	0.11454902088953915	0.7060702875399361	0.6627719922106511
1	13391	0.12331779775408767	0.7156549520766773	0.6808271949877233
1	12051	0.07089916204236837	0.6741214057507987	0.6358902717805436
1	10845	0.08623037121014608	0.6869009584664537	0.6466429599525866
1	9760	0.11030618639702264	0.7028753993610224	0.6588349843366355
1	8784	0.14247532813263192	0.7252396166134185	0.6851452036237407
1	7905	0.11030618639702264	0.7028753993610224	0.6588349843366355
1	7114	0.1344573448081629	0.7220447284345048	0.6849547032427398
1	6402	0.11053509778044715	0.7060702875399361	0.669016171365676
1	5761	0.11846528117690555	0.7124600638977636	0.6781390229447126
1	5184	0.11262008344131594	0.7060702875399361	0.6652696638726611
1	4665	0.13930724238567901	0.7220447284345048	0.6799593599187199
1	4198	0.10639868593139076	0.7028753993610224	0.6650791634916603
1	3778	0.10021747041533009	0.6964856230031949	0.653458640250614
1	3400	0.11473349263678244	0.7092651757188498	0.6729531792396918
1	3060	0.16124686733343851	0.731629392971246	0.6867750402167471
1	2754	0.18699752832498678	0.7571884984025559	0.7295106256879179
1	2478	0.11779815382692263	0.7092651757188498	0.6679578359156719
1	2230	0.15061155672326723	0.7348242811501597	0.7044492422318178
1	2007	0.13659757631725464	0.7220447284345048	0.6824570315807298
1	1806	0.242988023705192	0.7859424920127795	0.7586995173990347
1	1625	0.22420140894155718	0.7763578274760383	0.7481373296079926
1	1462	0.21307871102273637	0.7699680511182109	0.7402633138599609
1	1315	0.2275880700754931	0.7763578274760383	0.7456396579459825
1	1183	0.20922317033722518	0.7667731629392971	0.7350774701549402
1	1064	0.20765887605229735	0.7635782747603834	0.7286427906189146
1	957	0.26259395162864535	0.7955271565495208	0.7692617051900771
1	861	0.1995863973158196	0.7635782747603834	0.7348869697739395
1	774	0.21599500031093652	0.7731629392971247	0.7466979933959867
1	696	0.22420140894155718	0.7763578274760383	0.7481373296079926
1	626	0.2580917857022062	0.7955271565495208	0.7730082126830919
1	563	0.30965147746977667	0.8115015974440895	0.781453729574126
1	506	0.24143518278396542	0.7859424920127795	0.7599483532300397
1	455	0.2936098163835718	0.805111821086262	0.7748285496570995
1	409	0.2752978418415673	0.7955271565495208	0.763017526035052
1	368	0.24927101804509466	0.792332268370607	0.7728177123020913
1	331	0.2780656262693325	0.805111821086262	0.7835704004741344
1	297	0.34230493602766676	0.8274760383386581	0.8011387689442047
1	267	0.3878816102405794	0.8466453674121406	0.8235119803572941
1	240	0.3428230554331766	0.8306709265175719	0.8075734484802305
1	216	0.403768779016222	0.8498402555910544	0.8249513165692999
1	194	0.42918102663454594	0.8626198083067093	0.8419481838963678
1	174	0.2830436074854548	0.805111821086262	0.7798238929811192
1	156	0.35039434924537977	0.8370607028753994	0.8191939717212767
1	140	0.3735926338103557	0.8402555910543131	0.8156379646092626
1	126	0.3843160001577588	0.8466453674121406	0.8247608161882991
1	113	0.38596334231487867	0.8498402555910544	0.8311954957243248
1	101	0.3711643073508729	0.8434504792332268	0.8233214799762933
1	90	0.38087014144152065	0.8370607028753994	0.8079544492422318
1	81	0.3735926338103557	0.8402555910543131	0.8156379646092626
1	72	0.4250486918282922	0.865814696485623	0.8508805350944035
1	64	0.4253940655512621	0.8626198083067093	0.8431970197273728
1	57	0.42918102663454594	0.8626198083067093	0.8419481838963678
1	51	0.3919471505021704	0.8466453674121406	0.8222631445262892
1	45	0.4528501428180842	0.8722044728434505	0.853759207518415
1	40	0.35625912574431867	0.8402555910543131	0.8243798154262976
1	36	0.4221255613845655	0.8626198083067093	0.8444458555583778
1	32	0.3935330313014051	0.853035143769968	0.8351325035983406
1	28	0.38371559788732373	0.8498402555910544	0.8324443315553298
1	25	0.3742470917605086	0.8466453674121406	0.8297561595123191
1	22	0.4300383996361581	0.865814696485623	0.8483828634323936
1	19	0.3489006023911279	0.8370607028753994	0.8204428075522818
1	17	0.32750819906374884	0.8274760383386581	0.8086317839302346
1	15	0.3576903066157176	0.8402555910543131	0.8231309795952926
1	13	0.33320552133582243	0.8306709265175719	0.8138176276352553
1	11	0.33452898254534963	0.8306709265175719	0.8125687918042503
1	9	0.3101151033670292	0.8210862619808307	0.804504275675218
1	8	0.2956694705504236	0.8146964856230032	0.7978790957581915
1	7	0.2745666692443933	0.805111821086262	0.7885657437981544
1	6	0.26951395989909027	0.8019169329073482	0.7821310642621285
1	5	0.24318710758918613	0.7891373801916933	0.7688807044280755
1	4	0.24218848469408863	0.7891373801916933	0.7713783760900855
1	3	0.1688618544643378	0.7476038338658147	0.7301879603759207
1	2	0.12707629726475203	0.7188498402555911	0.700999068664804
1	1	0.04852364324836598	0.6389776357827476	0.6287994242655152
2	22681	0.04737837262852122	0.6485623003194888	0.5991976351351351
2	20412	0.04971122502237003	0.6517571884984026	0.6115287162162162
2	18370	0.041129649230085955	0.6421725239616614	0.5937922297297297
2	16533	0.0621815563829676	0.6645367412140575	0.6295608108108108
2	14879	0.05580082002864646	0.65814696485623	0.6193412162162162
2	13391	0.03312349995623223	0.6325878594249201	0.5880912162162162
2	12051	0.06899085034644238	0.670926517571885	0.6325591216216216
2	10845	0.03555961234790754	0.6357827476038339	0.5895903716216216
2	9760	0.07216060827194479	0.6741214057507987	0.6400760135135135
2	8784	0.09936677037340563	0.6964856230031949	0.6601984797297297
2	7905	0.07712330670167455	0.6773162939297125	0.6355574324324325
2	7114	0.11569229730177574	0.7092651757188498	0.6758234797297297
2	6402	0.1169094931045036	0.7092651757188498	0.6734163851351351
2	5761	0.09830785167351273	0.6964856230031949	0.6638091216216216
2	5184	0.09858789046148768	0.6964856230031949	0.6626055743243243
2	4665	0.12382054869505994	0.7124600638977636	0.6737119932432433
2	4198	0.14420278161393824	0.7252396166134185	0.6869298986486486
2	3778	0.15688708248510072	0.7348242811501597	0.6998521959459459
2	3400	0.08000501212802211	0.6805111821086262	0.641870777027027
2	3060	0.22790295253244958	0.7731629392971247	0.7407094594594594
2	2754	0.13432308111537294	0.7220447284345048	0.6890413851351351
2	2478	0.1652724329762012	0.7412140575079872	0.7088682432432433
2	2230	0.17402937081207157	0.7476038338658147	0.7178842905405406
2	2007	0.08707831092406494	0.6869009584664537	0.6508868243243243
2	1806	0.16593323346763142	0.744408945686901	0.7187922297297298
2	1625	0.19871906629430092	0.7571884984025559	0.7223817567567568
2	1462	0.1904585677767576	0.7571884984025559	0.7283994932432433
2	1315	0.20928361826594177	0.7635782747603834	0.7301942567567568
2	1183	0.18146854557544329	0.7507987220447284	0.7193834459459459
2	1064	0.18291601421079653	0.7507987220447284	0.7181798986486486
2	957	0.22167282112969758	0.7731629392971247	0.7443201013513513
2	861	0.2107405386114855	0.7667731629392971	0.7365076013513514
2	774	0.29353804165662906	0.8115015974440895	0.7911951013513513
2	696	0.24278506134493014	0.7859424920127795	0.7611486486486486
2	626	0.23126342354624538	0.7795527156549521	0.7533361486486486
2	563	0.2599794056341811	0.792332268370607	0.7653505067567568
2	506	0.2770544625013969	0.805111821086262	0.7869932432432434
2	455	0.2781540091739241	0.8019169329073482	0.7770692567567568
2	409	0.20760641259590443	0.7699680511182109	0.751245777027027
2	368	0.2835204990630295	0.8083067092651757	0.7908994932432434
2	331	0.2919143313822617	0.805111821086262	0.7773648648648649
2	297	0.2928594296949379	0.8083067092651757	0.7836782094594594
2	267	0.2742734407841978	0.7987220447284346	0.7719594594594594
2	240	0.298737292645495	0.8146964856230032	0.7963048986486486
2	216	0.33921120759896695	0.8306709265175719	0.8110219594594594
2	194	0.2856749064400266	0.8083067092651757	0.7884923986486486
2	174	0.3404241479896258	0.8338658146964856	0.8197423986486485
2	156	0.26218969366023787	0.7955271565495208	0.7716638513513514
2	140	0.3167337800793065	0.8210862619808307	0.8005067567567568
2	126	0.35097042464816175	0.8338658146964856	0.8125211148648649
2	113	0.3782719552781378	0.8434504792332268	0.8218327702702702
2	101	0.35331926316981765	0.8370607028753994	0.8188344594594594
2	90	0.3796207669145124	0.8466453674121406	0.8281461148648649
2	81	0.34432725102202966	0.8338658146964856	0.8161317567567568
2	72	0.33724003465000707	0.8274760383386581	0.8047086148648649
2	64	0.3626354543605463	0.8402555910543131	0.8215371621621622
2	57	0.32693309594494885	0.8210862619808307	0.7956925675675676
2	51	0.3711572995622026	0.8402555910543131	0.8179265202702701
2	45	0.35547578647392714	0.8370607028753994	0.8176309121621622
2	40	0.3323672059738442	0.8306709265175719	0.8170396959459459
2	36	0.35331926316981765	0.8370607028753994	0.8188344594594594
2	32	0.3255073459676577	0.8242811501597445	0.8032094594594594
2	28	0.3753005539573014	0.8466453674121406	0.8305532094594594
2	25	0.3605333748712298	0.8402555910543131	0.8227407094594594
2	22	0.39459650266623386	0.853035143769968	0.8359586148648649
2	19	0.3897169415856008	0.8498402555910544	0.8308488175675676
2	17	0.35547578647392714	0.8370607028753994	0.8176309121621622
2	15	0.366149279154303	0.8434504792332268	0.8278505067567568
2	13	0.3462130561756096	0.8338658146964856	0.8149282094594594
2	11	0.3623292387584569	0.8434504792332268	0.8326646959459459
2	9	0.35876054515471656	0.8402555910543131	0.8239442567567568
2	8	0.3391559773608711	0.8338658146964856	0.8221494932432434
2	7	0.29763403541671096	0.8146964856230032	0.7975084459459459
2	6	0.30254227105614556	0.8178913738019169	0.8050253378378378
2	5	0.2706860879343657	0.8019169329073482	0.7830869932432433
2	4	0.2504345034121627	0.792332268370607	0.7737753378378378
2	3	0.20172559390306732	0.7667731629392971	0.7509501689189189
2	2	0.16237968140222317	0.7412140575079872	0.7305320945945946
2	1	0.05902422250837563	0.6517571884984026	0.6416173986486486
3	22681	0.06657009041167945	0.6677316293929713	0.6238386824324325
3	20412	0.09876915992237055	0.6932907348242812	0.6502744932432433
3	18370	0.041129649230085955	0.6421725239616614	0.5937922297297297
3	16533	0.02373354133046679	0.6198083067092651	0.5736697635135135
3	14879	0.052861755610725154	0.6549520766773163	0.6118243243243243
3	13391	0.027711744219540754	0.6261980830670927	0.5742609797297297
3	12051	0.10448646923935083	0.6996805111821086	0.6616976351351351
3	10845	0.060171969091816574	0.6613418530351438	0.6148226351351351
3	9760	0.05918766200227489	0.6613418530351438	0.6196368243243243
3	8784	0.10856756221325886	0.7028753993610224	0.6656038851351351
3	7905	0.09716247599391156	0.6932907348242812	0.6526815878378378
3	7114	0.13541902449009455	0.7156549520766773	0.6716005067567568
3	6402	0.11037266586354519	0.7060702875399361	0.6755278716216216
3	5761	0.14625735531379955	0.7284345047923323	0.6932432432432434
3	5184	0.10928876019728191	0.7028753993610224	0.6644003378378378
3	4665	0.11625369033729548	0.7092651757188498	0.6746199324324325
3	4198	0.13509317127216228	0.7188498402555911	0.6791173986486485
3	3778	0.12382054869505994	0.7124600638977636	0.6737119932432433
3	3400	0.14625735531379955	0.7284345047923323	0.6932432432432434
3	3060	0.14058838157458142	0.7252396166134185	0.6905405405405406
3	2754	0.14110300191646885	0.7220447284345048	0.6818201013513513
3	2478	0.15092027169997238	0.731629392971246	0.6971494932432433
3	2230	0.22418825723983665	0.7763578274760383	0.7506334459459459
3	2007	0.18454231925387732	0.7507987220447284	0.7169763513513514
3	1806	0.16159158636279958	0.7348242811501597	0.6962415540540541
3	1625	0.2473658262274081	0.7827476038338658	0.7512246621621621
3	1462	0.2195310869422389	0.7667731629392971	0.7316934121621621
3	1315	0.1914858007458731	0.7539936102236422	0.7196790540540541
3	1183	0.2546183874479298	0.792332268370607	0.7689611486486486
3	1064	0.27364776998219337	0.7955271565495208	0.7656461148648649
3	957	0.19483369855980817	0.7571884984025559	0.7247888513513513
3	861	0.20721961452983245	0.7635782747603834	0.7313978040540541
3	774	0.2579550667020285	0.792332268370607	0.7665540540540541
3	696	0.24866179867570679	0.7891373801916933	0.7650548986486486
3	626	0.298149117639437	0.8083067092651757	0.7812711148648649
3	563	0.2928594296949379	0.8083067092651757	0.7836782094594594
3	506	0.3012990193532077	0.8083067092651757	0.7800675675675676
3	455	0.2622637893661747	0.792332268370607	0.7641469594594594
3	409	0.29921556193197935	0.8115015974440895	0.7875844594594594
3	368	0.31732018173246523	0.8178913738019169	0.7929898648648649
3	331	0.33861652614915727	0.8210862619808307	0.7920819256756758
3	297	0.33354222205413864	0.8242811501597445	0.7995988175675676
3	267	0.374842301854422	0.8402555910543131	0.8167229729729729
3	240	0.3823454394163249	0.8466453674121406	0.8269425675675676
3	216	0.3278434806995096	0.8242811501597445	0.8020059121621622
3	194	0.3796207669145124	0.8466453674121406	0.8281461148648649
3	174	0.3080909412744317	0.8146964856230032	0.7902871621621622
3	156	0.36097514041609796	0.8338658146964856	0.8089104729729729
3	140	0.431057098045216	0.865814696485623	0.8491765202702702
3	126	0.44233956643471317	0.865814696485623	0.8455658783783784
3	113	0.4584745459730215	0.8753993610223643	0.859691722972973
3	101	0.396344370370379	0.8498402555910544	0.828441722972973
3	90	0.4264634354236881	0.8626198083067093	0.8440667229729729
3	81	0.3983622207566669	0.8562300319488818	0.8422719594594593
3	72	0.4159902122779589	0.8626198083067093	0.8488809121621622
3	64	0.4584745459730215	0.8753993610223643	0.859691722972973
3	57	0.4390725731122258	0.8690095846645367	0.8530827702702701
3	51	0.3847745914608044	0.8498402555910544	0.8332559121621622
3	45	0.431057098045216	0.865814696485623	0.8491765202702702
3	40	0.4538670173412352	0.8722044728434505	0.8545819256756757
3	36	0.4079905245131036	0.8594249201277955	0.8449746621621621
3	32	0.3870512222528407	0.8498402555910544	0.8320523648648649
3	28	0.4668088929481862	0.8785942492012779	0.863597972972973
3	25	0.44465209767595837	0.8722044728434505	0.8581925675675676
3	22	0.4203484297494963	0.8626198083067093	0.8464738175675676
3	19	0.3626354543605463	0.8402555910543131	0.8215371621621622
3	17	0.38705026336563797	0.853035143769968	0.8419763513513514
3	15	0.38004784352282955	0.8498402555910544	0.8368665540540541
3	13	0.4049911175870607	0.8594249201277955	0.8473817567567568
3	11	0.3499630998477609	0.8370607028753994	0.8212415540540542
3	9	0.3561327362465948	0.8402555910543131	0.8263513513513513
3	8	0.3784818869814304	0.8498402555910544	0.8392736486486485
3	7	0.37365827539982266	0.8466453674121406	0.8317567567567568
3	6	0.36475505297945643	0.8434504792332268	0.8290540540540542
3	5	0.3499630998477609	0.8370607028753994	0.8212415540540542
3	4	0.3035348102140318	0.8178913738019169	0.8026182432432433
3	3	0.2624076980910766	0.7987220447284346	0.7888091216216216
3	2	0.19282348944707375	0.7571884984025559	0.7536739864864864
3	1	0.08349486721769946	0.6773162939297125	0.6680532094594595
4	22681	0.03823628392606734	0.6389776357827476	0.5922930743243243
4	20412	0.05337680178965661	0.6549520766773163	0.6082136824324326
4	18370	0.1262787922527436	0.7156549520766773	0.6800253378378378
4	16533	0.06968097440858995	0.670926517571885	0.6289484797297298
4	14879	0.038365032959706474	0.6389776357827476	0.5959037162162162
4	13391	0.08124834796086981	0.6805111821086262	0.6382601351351351
4	12051	0.04979883762207604	0.6517571884984026	0.6079180743243243
4	10845	0.08875676308665327	0.6869009584664537	0.6460726351351351
4	9760	0.09593068063431272	0.6932907348242812	0.6550886824324325
4	8784	0.12060464621006914	0.7092651757188498	0.6686021959459459
4	7905	0.07229051202438443	0.6741214057507987	0.6376689189189189
4	7114	0.13829293936979473	0.7220447284345048	0.6842271959459459
4	6402	0.11752511338154159	0.7060702875399361	0.6634923986486486
4	5761	0.12036827832966601	0.7060702875399361	0.6610853040540542
4	5184	0.1396204959507566	0.7220447284345048	0.6830236486486486
4	4665	0.12282304225150101	0.7124600638977636	0.6749155405405405
4	4198	0.13883152894262069	0.7252396166134185	0.6929476351351351
4	3778	0.14110300191646885	0.7220447284345048	0.6818201013513513
4	3400	0.1779439905674162	0.7412140575079872	0.7004434121621621
4	3060	0.12060464621006914	0.7092651757188498	0.6686021959459459
4	2754	0.15131363318940436	0.7252396166134185	0.6821157094594594
4	2478	0.12859845024386826	0.7188498402555911	0.6875422297297297
4	2230	0.2107405386114855	0.7667731629392971	0.7365076013513514
4	2007	0.17786984669664904	0.7476038338658147	0.7142736486486486
4	1806	0.20537402855093695	0.7635782747603834	0.7326013513513514
4	1625	0.15564322698621616	0.7348242811501597	0.7010557432432433
4	1462	0.2195310869422389	0.7667731629392971	0.7316934121621621
4	1315	0.2347133735144738	0.7795527156549521	0.7509290540540541
4	1183	0.24247307840038818	0.7827476038338658	0.7536317567567568
4	1064	0.26823183272793183	0.7955271565495208	0.7680532094594594
4	957	0.2169635796681922	0.7667731629392971	0.7328969594594594
4	861	0.26828761059255035	0.7987220447284346	0.7755701013513514
4	774	0.2559991829478063	0.7859424920127795	0.7539273648648649
4	696	0.29507994659403297	0.805111821086262	0.7761613175675676
4	626	0.37207943780764013	0.8370607028753994	0.8116131756756757
4	563	0.30482819429319674	0.8083067092651757	0.7788640202702702
4	506	0.2447830488249186	0.7827476038338658	0.7524282094594594
4	455	0.2953452224008331	0.8083067092651757	0.7824746621621621
4	409	0.36097514041609796	0.8338658146964856	0.8089104729729729
4	368	0.39238766956176807	0.853035143769968	0.8371621621621622
4	331	0.35389074865601755	0.8338658146964856	0.8113175675675676
4	297	0.3750805585321021	0.8434504792332268	0.8230363175675676
4	267	0.37684321328727155	0.8370607028753994	0.8104096283783784
4	240	0.38191306227002636	0.8434504792332268	0.8206292229729729
4	216	0.374842301854422	0.8402555910543131	0.8167229729729729
4	194	0.357212823805523	0.8338658146964856	0.8101140202702702
4	174	0.48391548707502174	0.8849840255591054	0.871410472972973
4	156	0.4079905245131036	0.8594249201277955	0.8449746621621621
4	140	0.36990259667569214	0.8434504792332268	0.8254434121621621
4	126	0.42316927832444323	0.8626198083067093	0.8452702702702702
4	113	0.4390725731122258	0.8690095846645367	0.8530827702702701
4	101	0.35876054515471656	0.8402555910543131	0.8239442567567568
4	90	0.4159902122779589	0.8626198083067093	0.8488809121621622
4	81	0.4342037788295028	0.8690095846645367	0.8554898648648649
4	72	0.4264634354236881	0.8626198083067093	0.8440667229729729
4	64	0.3414648322635976	0.8306709265175719	0.8098184121621621
4	57	0.3928022699722285	0.8498402555910544	0.8296452702702702
4	51	0.43641406315056613	0.8690095846645367	0.8542863175675676
4	45	0.40775759615212354	0.8562300319488818	0.8374577702702702
4	40	0.3983622207566669	0.8562300319488818	0.8422719594594593
4	36	0.4660729761144247	0.8753993610223643	0.8572846283783784
4	32	0.3897169415856008	0.8498402555910544	0.8308488175675676
4	28	0.38004784352282955	0.8498402555910544	0.8368665540540541
4	25	0.4159902122779589	0.8626198083067093	0.8488809121621622
4	22	0.3561327362465948	0.8402555910543131	0.8263513513513513
4	19	0.34777402878116176	0.8370607028753994	0.8236486486486486
4	17	0.36475505297945643	0.8434504792332268	0.8290540540540542
4	15	0.4179651126407107	0.8626198083067093	0.8476773648648649
4	13	0.3174245904778109	0.8242811501597445	0.8104307432432433
4	11	0.3791150217908958	0.8498402555910544	0.8380701013513514
4	9	0.35420449276248367	0.8402555910543131	0.8311655405405406
4	8	0.3753005539573014	0.8466453674121406	0.8305532094594594
4	7	0.29609873349022486	0.8146964856230032	0.7999155405405406
4	6	0.40775759615212354	0.8562300319488818	0.8374577702702702
4	5	0.3414472887729035	0.8338658146964856	0.8185388513513514
4	4	0.28220773046780256	0.8083067092651757	0.7933065878378378
4	3	0.2822714550618029	0.8083067092651757	0.7993243243243243
4	2	0.18551898252973756	0.7571884984025559	0.7416385135135135
4	1	0.05702281082214022	0.6517571884984026	0.6380067567567568
5	22681	0.049733227872472405	0.6517571884984026	0.6091216216216216
5	20412	0.07943180494203685	0.6773162939297125	0.6307432432432433
5	18370	0.07640571783219247	0.6773162939297125	0.637964527027027
5	16533	0.08777254787638648	0.6869009584664537	0.6484797297297298
5	14879	0.056334657295686826	0.65814696485623	0.6133234797297298
5	13391	0.04105844925288209	0.6421725239616614	0.594995777027027
5	12051	0.06882529826624821	0.670926517571885	0.6385768581081082
5	10845	0.0654414044443019	0.6677316293929713	0.6310599662162162
5	9760	0.09390357507713448	0.6869009584664537	0.6388513513513513
5	8784	0.0833689275022248	0.6837060702875399	0.6469805743243243
5	7905	0.09421279891781872	0.6932907348242812	0.661106418918919
5	7114	0.1262787922527436	0.7156549520766773	0.6800253378378378
5	6402	0.11766547352380327	0.7092651757188498	0.6722128378378378
5	5761	0.08875676308665327	0.6869009584664537	0.6460726351351351
5	5184	0.0828381014936037	0.6837060702875399	0.6505912162162162
5	4665	0.11105452842959515	0.7060702875399361	0.673120777027027
5	4198	0.1293375344186645	0.7156549520766773	0.6764146959459459
5	3778	0.10335482575825851	0.6996805111821086	0.6641047297297297
5	3400	0.1701804334998436	0.744408945686901	0.7127744932432433
5	3060	0.20007216362123972	0.7603833865814696	0.7286951013513514
5	2754	0.10046496311693973	0.6964856230031949	0.6577913851351351
5	2478	0.14269166384538154	0.7284345047923323	0.6980574324324325
5	2230	0.13067521236921237	0.7188498402555911	0.6839315878378378
5	2007	0.1728845899984157	0.744408945686901	0.7103673986486486
5	1806	0.2200905549005152	0.7699680511182109	0.7380067567567568
5	1625	0.18454231925387732	0.7507987220447284	0.7169763513513514
5	1462	0.17221150373171673	0.7476038338658147	0.7202913851351351
5	1315	0.19174080171260408	0.7571884984025559	0.7271959459459459
5	1183	0.1914858007458731	0.7539936102236422	0.7196790540540541
5	1064	0.21617300781195328	0.7699680511182109	0.7404138513513513
5	957	0.23677782932214408	0.7795527156549521	0.7497255067567568
5	861	0.24021675804293371	0.7859424920127795	0.7635557432432433
5	774	0.21735113890505028	0.7731629392971247	0.7479307432432433
5	696	0.2502358329129135	0.7891373801916933	0.7638513513513513
5	626	0.2146561811837622	0.7667731629392971	0.7341005067567568
5	563	0.27928599841234475	0.805111821086262	0.7845861486486486
5	506	0.2807363113166136	0.805111821086262	0.7833826013513513
5	455	0.22167282112969758	0.7731629392971247	0.7443201013513513
5	409	0.30671365841524206	0.8178913738019169	0.7990076013513514
5	368	0.31110506827547485	0.8115015974440895	0.7827702702702701
5	331	0.26065688251859526	0.7955271565495208	0.7728673986486485
5	297	0.30167742702935824	0.8115015974440895	0.7863809121621622
5	267	0.396344370370379	0.8498402555910544	0.828441722972973
5	240	0.33231036307059364	0.8274760383386581	0.8071157094594594
5	216	0.32117143405742504	0.8210862619808307	0.7980996621621621
5	194	0.4022608541092964	0.8562300319488818	0.8398648648648649
5	174	0.3234814967026026	0.8242811501597445	0.8044130067567568
5	156	0.30352139296190606	0.8146964856230032	0.7926942567567568
5	140	0.3971988543720993	0.853035143769968	0.8347550675675676
5	126	0.3750805585321021	0.8434504792332268	0.8230363175675676
5	113	0.35547578647392714	0.8370607028753994	0.8176309121621622
5	101	0.3414648322635976	0.8306709265175719	0.8098184121621621
5	90	0.2870917951555767	0.8083067092651757	0.7872888513513513
5	81	0.4122996236875179	0.8626198083067093	0.8524915540540541
5	72	0.40775759615212354	0.8562300319488818	0.8374577702702702
5	64	0.34777402878116176	0.8370607028753994	0.8236486486486486
5	57	0.4187671903614965	0.8594249201277955	0.840160472972973
5	51	0.35148785872910354	0.8370607028753994	0.8200380067567568
5	45	0.4203484297494963	0.8626198083067093	0.8464738175675676
5	40	0.3847745914608044	0.8498402555910544	0.8332559121621622
5	36	0.47251943443331895	0.8817891373801917	0.8687077702702702
5	32	0.2762529794616546	0.805111821086262	0.7881967905405406
5	28	0.342743911878613	0.8338658146964856	0.8173353040540542
5	25	0.3217466215432515	0.8242811501597445	0.8056165540540541
5	22	0.39238766956176807	0.853035143769968	0.8371621621621622
5	19	0.3029312069027237	0.8178913738019169	0.8038217905405405
5	17	0.33032750842197717	0.8274760383386581	0.8083192567567568
5	15	0.3847745914608044	0.8498402555910544	0.8332559121621622
5	13	0.2729883526338985	0.8019169329073482	0.7806798986486486
5	11	0.29353804165662906	0.8115015974440895	0.7911951013513513
5	9	0.3111932323957888	0.8210862619808307	0.8053209459459459
5	8	0.2780623527373097	0.805111821086262	0.7857896959459459
5	7	0.262340991514222	0.7987220447284346	0.7827913851351351
5	6	0.2827629941183802	0.8083067092651757	0.7921030405405406
5	5	0.21884230086403522	0.7763578274760383	0.7614653716216218
5	4	0.24940799448889797	0.792332268370607	0.7809966216216216
5	3	0.25100097269459426	0.792332268370607	0.7846072635135135
5	2	0.2022863248289543	0.7635782747603834	0.7590793918918919
5	1	0.0450003306319141	0.6357827476038339	0.623289695945946
6	22681	0.033021337066594124	0.6325878594249201	0.5868876689189189
6	20412	0.10856756221325886	0.7028753993610224	0.6656038851351351
6	18370	0.07811811398258205	0.6773162939297125	0.6331503378378378
6	16533	0.028888384078659374	0.6261980830670927	0.5850929054054054
6	14879	0.07573433387175121	0.6741214057507987	0.6268369932432433
6	13391	0.019459803845447262	0.6134185303514377	0.5658572635135135
6	12051	0.05024034375651837	0.6517571884984026	0.6043074324324325
6	10845	0.07568090786850329	0.6773162939297125	0.6427787162162162
6	9760	0.059066021720244076	0.6613418530351438	0.6268581081081082
6	8784	0.06876993604881687	0.670926517571885	0.6373733108108108
6	7905	0.10490979453270151	0.6964856230031949	0.6517736486486486
6	7114	0.10081088261164133	0.6932907348242812	0.6478673986486486
6	6402	0.09593068063431272	0.6932907348242812	0.6550886824324325
6	5761	0.08739126115599709	0.6869009584664537	0.649683277027027
6	5184	0.102804666313325	0.6964856230031949	0.6541807432432433
6	4665	0.11011147410771646	0.7028753993610224	0.6631967905405406
6	4198	0.07506856516433358	0.6741214057507987	0.6280405405405406
6	3778	0.10114629531301562	0.6964856230031949	0.6565878378378378
6	3400	0.1396204959507566	0.7220447284345048	0.6830236486486486
6	3060	0.14423006763726937	0.7284345047923323	0.6956503378378378
6	2754	0.1701804334998436	0.744408945686901	0.7127744932432433
6	2478	0.07933649661378339	0.6805111821086262	0.645481418918919
6	2230	0.13378721544751598	0.7188498402555911	0.6803209459459459
6	2007	0.1855432550885086	0.7476038338658147	0.7094594594594594
6	1806	0.23677782932214408	0.7795527156549521	0.7497255067567568
6	1625	0.15353441272627535	0.731629392971246	0.6947423986486486
6	1462	0.20099974311145388	0.7571884984025559	0.7211782094594593
6	1315	0.15688708248510072	0.7348242811501597	0.6998521959459459
6	1183	0.18636103382339467	0.7507987220447284	0.7157728040540541
6	1064	0.25920641342911044	0.7859424920127795	0.7527238175675676
6	957	0.1728845899984157	0.744408945686901	0.7103673986486486
6	861	0.2627761308334608	0.7859424920127795	0.7515202702702702
6	774	0.19319523873527464	0.7571884984025559	0.7259923986486485
6	696	0.3075917397512818	0.8115015974440895	0.7839738175675676
6	626	0.2255494078858943	0.7667731629392971	0.7292863175675676
6	563	0.33696438026015624	0.8242811501597445	0.7983952702702702
6	506	0.29507994659403297	0.805111821086262	0.7761613175675676
6	455	0.2482373070831986	0.7859424920127795	0.7575380067567568
6	409	0.2622637893661747	0.792332268370607	0.7641469594594594
6	368	0.3080909412744317	0.8146964856230032	0.7902871621621622
6	331	0.2856749064400266	0.8083067092651757	0.7884923986486486
6	297	0.28909208288995253	0.805111821086262	0.7785684121621621
6	267	0.38374918642106676	0.8402555910543131	0.8143158783783784
6	240	0.35148785872910354	0.8370607028753994	0.8200380067567568
6	216	0.2953452224008331	0.8083067092651757	0.7824746621621621
6	194	0.34405830294549344	0.8306709265175719	0.8086148648648649
6	174	0.3370647118776254	0.8178913738019169	0.7869721283783784
6	156	0.36522479375812084	0.8338658146964856	0.8077069256756757
6	140	0.3474549304064998	0.8274760383386581	0.801097972972973
6	126	0.3790202942244054	0.8402555910543131	0.8155194256756757
6	113	0.417449046256561	0.853035143769968	0.828737331081081
6	101	0.43466004952080556	0.8626198083067093	0.8416596283783784
6	90	0.41118458542429204	0.8562300319488818	0.836254222972973
6	81	0.3928022699722285	0.8498402555910544	0.8296452702702702
6	72	0.4380200625356347	0.865814696485623	0.8467694256756757
6	64	0.41118458542429204	0.8562300319488818	0.836254222972973
6	57	0.4342776004230669	0.865814696485623	0.847972972972973
6	51	0.47423098305735023	0.8785942492012779	0.8611908783783784
6	45	0.3772809789051729	0.8466453674121406	0.8293496621621621
6	40	0.41004878922514865	0.8594249201277955	0.8437711148648649
6	36	0.3905474527226223	0.853035143769968	0.8383657094594594
6	32	0.4502781606234561	0.8722044728434505	0.8557854729729729
6	28	0.4122996236875179	0.8626198083067093	0.8524915540540541
6	25	0.4203484297494963	0.8626198083067093	0.8464738175675676
6	22	0.44465209767595837	0.8722044728434505	0.8581925675675676
6	19	0.4131749912299068	0.8626198083067093	0.8512880067567568
6	17	0.3870512222528407	0.8498402555910544	0.8320523648648649
6	15	0.3404241479896258	0.8338658146964856	0.8197423986486485
6	13	0.3331957289158727	0.8306709265175719	0.8158361486486486
6	11	0.3356372227807474	0.8306709265175719	0.8134290540540541
6	9	0.3098782568011753	0.8210862619808307	0.8077280405405405
6	8	0.2818481201048987	0.8083067092651757	0.7945101351351351
6	7	0.3111932323957888	0.8210862619808307	0.8053209459459459
6	6	0.2762529794616546	0.805111821086262	0.7881967905405406
6	5	0.25567602134355566	0.7955271565495208	0.7800886824324325
6	4	0.25547483036798707	0.7955271565495208	0.7812922297297297
6	3	0.2770544625013969	0.805111821086262	0.7869932432432434
6	2	0.2371324228466975	0.7859424920127795	0.7743876689189189
6	1	0.02207023647691786	0.6006389776357828	0.5863386824324324
7	22681	0.052988460999543074	0.6549520766773163	0.610620777027027
7	20412	0.06055802203311025	0.6613418530351438	0.6136190878378377
7	18370	0.030323815912333296	0.6293929712460063	0.5805743243243243
7	16533	0.08786190587400322	0.6837060702875399	0.6373521959459459
7	14879	0.06657009041167945	0.6677316293929713	0.6238386824324325
7	13391	0.05273057337175782	0.6549520766773163	0.6142314189189189
7	12051	0.07317541651639736	0.6741214057507987	0.6328547297297298
7	10845	0.07354403990126396	0.6741214057507987	0.6316511824324325
7	9760	0.11104298987227368	0.7028753993610224	0.6619932432432433
7	8784	0.11752511338154159	0.7060702875399361	0.6634923986486486
7	7905	0.0739791859451497	0.6741214057507987	0.6304476351351351
7	7114	0.16808374329115938	0.744408945686901	0.7151815878378377
7	6402	0.1152459748711687	0.7060702875399361	0.6658994932432433
7	5761	0.12494346636190322	0.7124600638977636	0.6725084459459459
7	5184	0.10114629531301562	0.6964856230031949	0.6565878378378378
7	4665	0.14458777105813764	0.7220447284345048	0.6794130067567568
7	4198	0.20397163575830696	0.7603833865814696	0.7262880067567568
7	3778	0.07317541651639736	0.6741214057507987	0.6328547297297298
7	3400	0.22240276667129347	0.7699680511182109	0.7368032094594593
7	3060	0.16795928448629832	0.7412140575079872	0.7064611486486486
7	2754	0.19352480398408	0.7539936102236422	0.7184755067567568
7	2478	0.14983017884602737	0.731629392971246	0.6983530405405406
7	2230	0.21698254891388086	0.7635782747603834	0.726583614864865
7	2007	0.22908129645032527	0.7763578274760383	0.7470228040540541
7	1806	0.19871906629430092	0.7571884984025559	0.7223817567567568
7	1625	0.1904585677767576	0.7571884984025559	0.7283994932432433
7	1462	0.2200905549005152	0.7699680511182109	0.7380067567567568
7	1315	0.19697553487142822	0.7603833865814696	0.7311021959459459
7	1183	0.24167576377430777	0.7795527156549521	0.7473184121621621
7	1064	0.2200905549005152	0.7699680511182109	0.7380067567567568
7	957	0.3238736526528414	0.8210862619808307	0.7968961148648649
7	861	0.3087767019736779	0.8083067092651757	0.777660472972973
7	774	0.2561731247800386	0.792332268370607	0.7677576013513513
7	696	0.2599794056341811	0.792332268370607	0.7653505067567568
7	626	0.2559991829478063	0.7859424920127795	0.7539273648648649
7	563	0.31110506827547485	0.8115015974440895	0.7827702702702701
7	506	0.2744690530733414	0.8019169329073482	0.7794763513513514
7	455	0.3566133047316105	0.8274760383386581	0.7986908783783784
7	409	0.2919143313822617	0.805111821086262	0.7773648648648649
7	368	0.3139601899128681	0.8146964856230032	0.7878800675675676
7	331	0.4247636182008962	0.8562300319488818	0.832643581081081
7	297	0.4321756981319434	0.8594249201277955	0.836549831081081
7	267	0.3278434806995096	0.8242811501597445	0.8020059121621622
7	240	0.357212823805523	0.8338658146964856	0.8101140202702702
7	216	0.36786397216281075	0.8370607028753994	0.812816722972973
7	194	0.34405830294549344	0.8306709265175719	0.8086148648648649
7	174	0.3217466215432515	0.8242811501597445	0.8056165540540541
7	156	0.4580415941858495	0.8722044728434505	0.8533783783783784
7	140	0.3796207669145124	0.8466453674121406	0.8281461148648649
7	126	0.3356372227807474	0.8306709265175719	0.8134290540540541
7	113	0.33051273285688776	0.8242811501597445	0.8008023648648649
7	101	0.3870512222528407	0.8498402555910544	0.8320523648648649
7	90	0.42831466972851423	0.865814696485623	0.8503800675675676
7	81	0.3462130561756096	0.8338658146964856	0.8149282094594594
7	72	0.340236431842305	0.8274760383386581	0.8035050675675676
7	64	0.4390725731122258	0.8690095846645367	0.8530827702702701
7	57	0.3796207669145124	0.8466453674121406	0.8281461148648649
7	51	0.35331926316981765	0.8370607028753994	0.8188344594594594
7	45	0.3484200347405623	0.8338658146964856	0.8137246621621621
7	40	0.35331926316981765	0.8370607028753994	0.8188344594594594
7	36	0.40479519097827005	0.8562300319488818	0.8386613175675676
7	32	0.34777402878116176	0.8370607028753994	0.8236486486486486
7	28	0.421511063002207	0.865814696485623	0.8551942567567568
7	25	0.3772809789051729	0.8466453674121406	0.8293496621621621
7	22	0.4131749912299068	0.8626198083067093	0.8512880067567568
7	19	0.36785914530931113	0.8434504792332268	0.8266469594594594
7	17	0.4763303446472441	0.8753993610223643	0.8548775337837838
7	15	0.42601494964471354	0.865814696485623	0.8515836148648649
7	13	0.39459650266623386	0.853035143769968	0.8359586148648649
7	11	0.3636615181285645	0.8434504792332268	0.8302576013513513
7	9	0.3572987452548057	0.8402555910543131	0.8251478040540542
7	8	0.366149279154303	0.8434504792332268	0.8278505067567568
7	7	0.3623292387584569	0.8434504792332268	0.8326646959459459
7	6	0.34777402878116176	0.8370607028753994	0.8236486486486486
7	5	0.3217466215432515	0.8242811501597445	0.8056165540540541
7	4	0.2562908443373978	0.7955271565495208	0.786106418918919
7	3	0.2828271814753167	0.8083067092651757	0.8005278716216216
7	2	0.1012048310942176	0.6964856230031949	0.681862331081081
7	1	0.03762634150073535	0.6230031948881789	0.6136824324324324
8	22681	0.096535632890771	0.6942675159235668	0.6554519489247311
8	20412	0.05322539762086435	0.6560509554140127	0.6146673387096774
8	18370	0.0443173426945423	0.6464968152866242	0.600512432795699
8	16533	0.050364035656839744	0.6528662420382165	0.6071068548387097
8	14879	0.06708118135675584	0.6687898089171974	0.6242019489247312
8	13391	0.0386558481738111	0.6401273885350318	0.5914818548387096
8	12051	0.12012911989803639	0.7101910828025477	0.6701108870967742
8	10845	0.05953329802435069	0.6624203821656051	0.6261340725806451
8	9760	0.09121733053845123	0.6910828025477707	0.6564180107526881
8	8784	0.11164698476551933	0.7038216560509554	0.6622983870967741
8	7905	0.05639571396378062	0.6592356687898089	0.6222278225806451
8	7114	0.11755936763261052	0.7101910828025477	0.673765120967742
8	6402	0.081800040511838	0.6815286624203821	0.638608870967742
8	5761	0.10510502025331457	0.7006369426751592	0.6620463709677419
8	5184	0.11491369845908345	0.7070063694267515	0.6674227150537635
8	4665	0.08880863887201171	0.6878980891719745	0.6476394489247312
8	4198	0.18116157399752944	0.7452229299363057	0.7057711693548387
8	3778	0.1342544516817128	0.7165605095541401	0.6730510752688172
8	3400	0.0861159069715006	0.6847133757961783	0.6412970430107527
8	3060	0.11635940966232104	0.7101910828025477	0.6762012768817205
8	2754	0.19380703783488037	0.7515923566878981	0.7123655913978494
8	2478	0.14987130204960628	0.7261146496815286	0.683551747311828
8	2230	0.2006720307032319	0.7643312101910829	0.7377352150537635
8	2007	0.11755936763261052	0.7101910828025477	0.673765120967742
8	1806	0.18198540466320903	0.7484076433121019	0.7121135752688171
8	1625	0.13717702509521926	0.7197452229299363	0.6781754032258065
8	1462	0.23419537191695597	0.7770700636942676	0.7448336693548386
8	1315	0.22081961601492126	0.7707006369426752	0.7382392473118279
8	1183	0.26302115449621954	0.7929936305732485	0.7643649193548386
8	1064	0.22632337499892838	0.7738853503184714	0.7421454973118279
8	957	0.25483622717852566	0.7898089171974523	0.761676747311828
8	861	0.17361561455391866	0.7388535031847133	0.6967405913978495
8	774	0.21261095363795932	0.7707006369426752	0.7443296370967741
8	696	0.23547211029783982	0.7802547770700637	0.7511760752688171
8	626	0.2926650741045655	0.8057324840764332	0.7775537634408602
8	563	0.26843122797728874	0.7929936305732485	0.7619287634408602
8	506	0.26074864074579096	0.7929936305732485	0.7655829973118279
8	455	0.2708195958156806	0.7993630573248408	0.7746135752688172
8	409	0.2569653373608643	0.7929936305732485	0.7680191532258065
8	368	0.28040767194343774	0.7993630573248408	0.7697412634408602
8	331	0.2629869748209552	0.7961783439490446	0.7719254032258064
8	297	0.3147090858162452	0.8152866242038217	0.788054435483871
8	267	0.28985557099878434	0.8057324840764332	0.7787718413978494
8	240	0.2989038858681981	0.8089171974522293	0.7814600134408602
8	216	0.3686878704377062	0.8407643312101911	0.819304435483871
8	194	0.3195932192518999	0.821656050955414	0.7995211693548387
8	174	0.34701722660915496	0.8343949044585988	0.8151461693548387
8	156	0.38265530291484623	0.8439490445859873	0.8207745295698925
8	140	0.34001326059971404	0.8312101910828026	0.8112399193548386
8	126	0.39356096887671266	0.8503184713375797	0.8298051075268817
8	113	0.39048936668542933	0.8503184713375797	0.831023185483871
8	101	0.35626941842642673	0.8375796178343949	0.8178343413978494
8	90	0.3831170676385207	0.8471337579617835	0.827116935483871
8	81	0.37902866848056604	0.8439490445859873	0.8219926075268817
8	72	0.4055682739153676	0.856687898089172	0.838835685483871
8	64	0.3979717683547044	0.8535031847133758	0.834929435483871
8	57	0.3758510931032925	0.8439490445859873	0.823210685483871
8	51	0.3758510931032925	0.8439490445859873	0.823210685483871
8	45	0.3979717683547044	0.8535031847133758	0.834929435483871
8	40	0.43181536466904163	0.8662420382165605	0.8493363575268819
8	36	0.34357174494489473	0.8343949044585988	0.8175823252688171
8	32	0.3686878704377062	0.8407643312101911	0.819304435483871
8	28	0.37308491272301264	0.8439490445859873	0.8244287634408602
8	25	0.3686679018043658	0.8439490445859873	0.8268649193548387
8	22	0.3855727282256941	0.8503184713375797	0.8334593413978495
8	19	0.3211186785882737	0.8248407643312102	0.8070816532258065
8	17	0.34357174494489473	0.8343949044585988	0.8175823252688171
8	15	0.3090786665222065	0.8184713375796179	0.7980510752688171
8	13	0.3311392485261838	0.8280254777070064	0.808551747311828
8	11	0.2830775711437185	0.8089171974522293	0.7936407930107526
8	9	0.2815474752060901	0.8057324840764332	0.7836441532258064
8	8	0.25690883688816407	0.7961783439490446	0.7792338709677419
8	7	0.25690883688816407	0.7961783439490446	0.7792338709677419
8	6	0.24460384482980163	0.7898089171974523	0.7714213709677419
8	5	0.20288637008608387	0.767515923566879	0.7477318548387097
8	4	0.19737096532093776	0.7643312101910829	0.7499159946236558
8	3	0.14761738440927633	0.732484076433121	0.7181619623655914
8	2	0.14619566385127974	0.732484076433121	0.7132896505376344
8	1	0.013471674600639208	0.5828025477707006	0.567456317204301
9	22681	0.08503556872783606	0.6847133757961783	0.6437331989247311
9	20412	0.044298573050033936	0.6464968152866242	0.6017305107526882
9	18370	0.06971216979197165	0.6719745222929936	0.6317624327956989
9	16533	0.06608218629583222	0.6687898089171974	0.6351646505376344
9	14879	0.05326428528532903	0.6560509554140127	0.6134492607526881
9	13391	0.09083515652264844	0.6910828025477707	0.6600722446236559
9	12051	0.08839434748785564	0.6847133757961783	0.637642809139785
9	10845	0.09178789930633469	0.6910828025477707	0.6539818548387096
9	9760	0.0767108153108368	0.678343949044586	0.639574932795699
9	8784	0.07767080422318481	0.678343949044586	0.6359206989247312
9	7905	0.09922859213361507	0.697452229299363	0.663012432795699
9	7114	0.0660125510739381	0.6687898089171974	0.6339465725806451
9	6402	0.10174594041319086	0.697452229299363	0.6569220430107527
9	5761	0.1377544131850952	0.7261146496815286	0.6969506048387097
9	5184	0.08132289528919844	0.6815286624203821	0.6398269489247312
9	4665	0.08396331572376001	0.6847133757961783	0.647387432795699
9	4198	0.098956903049309	0.697452229299363	0.6642305107526881
9	3778	0.11271497028733159	0.7070063694267515	0.6710769489247311
9	3400	0.17518471501771027	0.7452229299363057	0.7094254032258064
9	3060	0.11901588587135133	0.7133757961783439	0.6874159946236558
9	2754	0.11069173392428291	0.7070063694267515	0.6783854166666666
9	2478	0.13706278481624828	0.7261146496815286	0.6993867607526881
9	2230	0.09090302242916729	0.6910828025477707	0.6588541666666667
9	2007	0.18363513883842875	0.7515923566878981	0.7184559811827957
9	1806	0.14745556164452014	0.732484076433121	0.7035450268817204
9	1625	0.2423996316746594	0.7802547770700637	0.7475218413978495
9	1462	0.1798135777245872	0.7515923566878981	0.7221102150537635
9	1315	0.1924851737665351	0.7579617834394905	0.727486559139785
9	1183	0.20513599770462287	0.767515923566879	0.7428595430107527
9	1064	0.2571197133816377	0.7898089171974523	0.7604586693548387
9	957	0.18492393495642914	0.7547770700636943	0.7260164650537634
9	861	0.29784711025118193	0.8121019108280255	0.7890204973118279
9	774	0.2873610263017691	0.8057324840764332	0.7799899193548387
9	696	0.23638423069579634	0.7834394904458599	0.7587365591397849
9	626	0.2851577718612582	0.8057324840764332	0.781207997311828
9	563	0.2647385079229987	0.7961783439490446	0.7707073252688172
9	506	0.302479019034216	0.8152866242038217	0.7941448252688171
9	455	0.2851577718612582	0.8057324840764332	0.781207997311828
9	409	0.2587359061666959	0.7929936305732485	0.7668010752688171
9	368	0.3195932192518999	0.821656050955414	0.7995211693548387
9	331	0.33539418797600445	0.8280254777070064	0.8061155913978494
9	297	0.34701722660915496	0.8343949044585988	0.8151461693548387
9	267	0.35812969148984053	0.8407643312101911	0.8253948252688172
9	240	0.2801084379133629	0.8057324840764332	0.7848622311827956
9	216	0.34701722660915496	0.8343949044585988	0.8151461693548387
9	194	0.3686878704377062	0.8407643312101911	0.819304435483871
9	174	0.42112083915482934	0.8630573248407644	0.846648185483871
9	156	0.3669698598096521	0.8439490445859873	0.828082997311828
9	140	0.3351191474311411	0.8312101910828026	0.8148941532258064
9	126	0.41083456584774786	0.8598726114649682	0.8439600134408602
9	113	0.40304689786523473	0.856687898089172	0.8400537634408604
9	101	0.3970886720101271	0.8503184713375797	0.8285870295698926
9	90	0.3831170676385207	0.8471337579617835	0.827116935483871
9	81	0.39318612982919693	0.8535031847133758	0.8373655913978494
9	72	0.3979717683547044	0.8535031847133758	0.834929435483871
9	64	0.37902866848056604	0.8439490445859873	0.8219926075268817
9	57	0.43100518493395157	0.8630573248407644	0.8429939516129034
9	51	0.3686878704377062	0.8407643312101911	0.819304435483871
9	45	0.43131331732938877	0.856687898089172	0.8315272177419355
9	40	0.3744796702564888	0.8471337579617835	0.8319892473118279
9	36	0.36162401665444127	0.8375796178343949	0.815398185483871
9	32	0.3655870601452248	0.8439490445859873	0.8293010752688172
9	28	0.41875026101856316	0.8630573248407644	0.8478662634408602
9	25	0.3780784587087019	0.8471337579617835	0.8295530913978494
9	22	0.35957997730518704	0.8407643312101911	0.824176747311828
9	19	0.36587098866388074	0.8407643312101911	0.8205225134408602
9	17	0.35626941842642673	0.8375796178343949	0.8178343413978494
9	15	0.3422544459627535	0.8312101910828026	0.8100218413978494
9	13	0.3517493378657519	0.8343949044585988	0.8127100134408602
9	11	0.3878367739999956	0.8503184713375797	0.8322412634408602
9	9	0.34701722660915496	0.8343949044585988	0.8151461693548387
9	8	0.35412526384847554	0.8375796178343949	0.8190524193548386
9	7	0.34483504758512173	0.8312101910828026	0.8088037634408602
9	6	0.2706947301925245	0.802547770700637	0.7846102150537634
9	5	0.2507083269011298	0.7929936305732485	0.7753276209677419
9	4	0.305208960994207	0.8184713375796179	0.8017053091397849
9	3	0.24388578972487518	0.7898089171974523	0.7738575268817205
9	2	0.1189129611078509	0.7101910828025477	0.6981266801075269
9	1	0.03702176357779208	0.6210191082802548	0.6131132392473119
