GO:0002181 BP 5.30e-28 49/1709    84/17265 D08 cytoplasmic translation                  6124.0, 6133.0, 6134.0, 6138.0, 6141.0, 6142.0, 6143.0, 6144.0, 6152.0, 6154.0, 6155.0, 6156.0, 6157.0, 6159.0, 6160.0, 6161.0, 6164.0, 6165.0, 6167.0, 6168.0, 6169.0, 6170.0, 6171.0, 6189.0, 6201.0, 6202.0, 6203.0, 6204.0, 6206.0, 6207.0, 6209.0, 6210.0, 6218.0, 6222.0, 6223.0, 6227.0, 6229.0, 6230.0, 6232.0, 6233.0, 6235.0, 7311.0, 9349.0, 11224.0, 23521.0, 25873.0, 51121.0, 55854.0, 200916.0 
GO:0006412 BP 5.06e-20 59/1709   161/17265 D07 translation                              1917.0, 3035.0, 6124.0, 6133.0, 6134.0, 6138.0, 6141.0, 6142.0, 6143.0, 6144.0, 6152.0, 6154.0, 6155.0, 6156.0, 6157.0, 6159.0, 6160.0, 6161.0, 6164.0, 6165.0, 6167.0, 6168.0, 6169.0, 6170.0, 6171.0, 6189.0, 6201.0, 6202.0, 6203.0, 6204.0, 6206.0, 6207.0, 6209.0, 6210.0, 6218.0, 6222.0, 6223.0, 6227.0, 6229.0, 6230.0, 6232.0, 6233.0, 6235.0, 9349.0, 10767.0, 10985.0, 11222.0, 11224.0, 23521.0, 25873.0, 28998.0, 51065.0, 51187.0, 51650.0, 54460.0, 64968.0, 64979.0, 64983.0, 122704.0 
GO:0000398 BP 1.11e-09 45/1709   174/17265 D11 mRNA splicing, via spliceosome           1655.0, 3181.0, 3183.0, 4116.0, 4857.0, 4858.0, 5936.0, 6427.0, 6430.0, 6431.0, 6627.0, 6628.0, 6631.0, 6633.0, 6634.0, 6637.0, 8449.0, 8896.0, 9092.0, 10236.0, 10283.0, 10291.0, 10465.0, 10594.0, 10921.0, 11157.0, 23450.0, 23658.0, 24148.0, 25766.0, 25804.0, 25949.0, 27258.0, 51639.0, 51759.0, 54883.0, 54957.0, 57461.0, 59286.0, 79753.0, 84844.0, 85437.0, 94104.0, 153527.0, 220988.0 
GO:0006120 BP 6.32e-08 18/1709    44/17265 D08 mitochondrial electron transport, NADH to ubiquinone 4694.0, 4695.0, 4696.0, 4697.0, 4700.0, 4702.0, 4705.0, 4707.0, 4709.0, 4710.0, 4712.0, 4713.0, 4714.0, 4717.0, 4718.0, 4724.0, 4726.0, 4731.0 
GO:0032981 BP 6.49e-08 21/1709    58/17265 D07 mitochondrial respiratory chain complex I assembly 4694.0, 4695.0, 4696.0, 4700.0, 4702.0, 4705.0, 4707.0, 4709.0, 4710.0, 4712.0, 4713.0, 4714.0, 4717.0, 4718.0, 4724.0, 55744.0, 55863.0, 55967.0, 84233.0, 90871.0, 91942.0 
GO:0008380 BP 4.36e-07 38/1709   163/17265 D08 RNA splicing                             3183.0, 3958.0, 4116.0, 4841.0, 4857.0, 6427.0, 6627.0, 6628.0, 6633.0, 6634.0, 6637.0, 8148.0, 8449.0, 8559.0, 9295.0, 9541.0, 9589.0, 10150.0, 10199.0, 10284.0, 10594.0, 10625.0, 10921.0, 11017.0, 11157.0, 23076.0, 23450.0, 24148.0, 25804.0, 27257.0, 29890.0, 55119.0, 55954.0, 58506.0, 64121.0, 80145.0, 85437.0, 285672.0 
GO:0042776 BP 2.57e-06  9/1709    15/17265 D13 mitochondrial ATP synthesis coupled proton transport 498.0, 506.0, 509.0, 514.0, 515.0, 521.0, 522.0, 539.0, 10476.0 
GO:0015986 BP 1.58e-05  8/1709    14/17265 D12 ATP synthesis coupled proton transport   498.0, 509.0, 515.0, 516.0, 518.0, 527.0, 539.0, 10476.0 
GO:0022626 CC 2.02e-25 44/1709    75/17265 D06 cytosolic ribosome                       6124.0, 6133.0, 6134.0, 6138.0, 6141.0, 6142.0, 6143.0, 6144.0, 6152.0, 6154.0, 6155.0, 6156.0, 6157.0, 6159.0, 6160.0, 6161.0, 6164.0, 6165.0, 6167.0, 6168.0, 6169.0, 6170.0, 6189.0, 6201.0, 6202.0, 6203.0, 6204.0, 6206.0, 6207.0, 6209.0, 6210.0, 6218.0, 6222.0, 6223.0, 6227.0, 6229.0, 6230.0, 6232.0, 6233.0, 7311.0, 9349.0, 11224.0, 23521.0, 25873.0 
GO:0022625 CC 4.90e-19 32/1709    54/17265 D05 cytosolic large ribosomal subunit        6124.0, 6133.0, 6134.0, 6138.0, 6141.0, 6142.0, 6143.0, 6144.0, 6152.0, 6154.0, 6155.0, 6156.0, 6157.0, 6159.0, 6160.0, 6161.0, 6164.0, 6165.0, 6167.0, 6168.0, 6169.0, 6170.0, 6171.0, 7311.0, 9349.0, 11224.0, 23521.0, 25873.0, 51121.0, 51538.0, 65008.0, 285855.0 
GO:0005743 CC 8.02e-17 96/1709   397/17265 D05 mitochondrial inner membrane             291.0, 498.0, 509.0, 514.0, 515.0, 516.0, 521.0, 522.0, 539.0, 1327.0, 1337.0, 1340.0, 1345.0, 1349.0, 1350.0, 3945.0, 3954.0, 3958.0, 4519.0, 4694.0, 4695.0, 4696.0, 4697.0, 4700.0, 4702.0, 4705.0, 4707.0, 4709.0, 4710.0, 4712.0, 4713.0, 4714.0, 4717.0, 4718.0, 4724.0, 4726.0, 4731.0, 6390.0, 7381.0, 7385.0, 7388.0, 7818.0, 9167.0, 9553.0, 10245.0, 10440.0, 10476.0, 10730.0, 10975.0, 11194.0, 11222.0, 11331.0, 26520.0, 27089.0, 27109.0, 28957.0, 28998.0, 29093.0, 29796.0, 51263.0, 51537.0, 51650.0, 54460.0, 54902.0, 54968.0, 54977.0, 55173.0, 55744.0, 55863.0, 55967.0, 60488.0, 63875.0, 64928.0, 64968.0, 64979.0, 64983.0, 65008.0, 78988.0, 81554.0, 84233.0, 90871.0, 91689.0, 91942.0, 92259.0, 92609.0, 112724.0, 116228.0, 116541.0, 118487.0, 122704.0, 125988.0, 137392.0, 137994.0, 728568.0, 729515.0, 100287932.0 
GO:0005654 CC 2.30e-14 476/1709  3542/17265 D02 nucleoplasm                              207.0, 211.0, 403.0, 515.0, 546.0, 595.0, 668.0, 694.0, 790.0, 892.0, 894.0, 991.0, 1027.0, 1108.0, 1327.0, 1385.0, 1457.0, 1479.0, 1647.0, 1655.0, 1786.0, 1788.0, 2002.0, 2010.0, 2011.0, 2029.0, 2034.0, 2063.0, 2068.0, 2077.0, 2091.0, 2122.0, 2186.0, 2313.0, 2324.0, 2547.0, 2645.0, 2874.0, 2901.0, 2958.0, 2975.0, 3005.0, 3014.0, 3054.0, 3094.0, 3148.0, 3181.0, 3183.0, 3191.0, 3281.0, 3297.0, 3344.0, 3516.0, 3608.0, 4013.0, 4116.0, 4288.0, 4335.0, 4641.0, 4710.0, 4712.0, 4774.0, 4775.0, 4781.0, 4782.0, 4796.0, 4841.0, 4843.0, 4851.0, 4854.0, 4857.0, 4869.0, 4926.0, 4999.0, 5092.0, 5209.0, 5241.0, 5243.0, 5291.0, 5303.0, 5423.0, 5432.0, 5434.0, 5439.0, 5441.0, 5536.0, 5565.0, 5571.0, 5585.0, 5648.0, 5682.0, 5684.0, 5687.0, 5689.0, 5690.0, 5691.0, 5695.0, 5700.0, 5706.0, 5713.0, 5714.0, 5717.0, 5721.0, 5757.0, 5814.0, 5868.0, 5875.0, 5887.0, 5936.0, 6015.0, 6049.0, 6118.0, 6154.0, 6155.0, 6189.0, 6201.0, 6202.0, 6203.0, 6204.0, 6206.0, 6207.0, 6209.0, 6210.0, 6218.0, 6222.0, 6223.0, 6227.0, 6229.0, 6230.0, 6232.0, 6233.0, 6235.0, 6304.0, 6386.0, 6390.0, 6399.0, 6418.0, 6427.0, 6430.0, 6431.0, 6520.0, 6597.0, 6601.0, 6627.0, 6628.0, 6631.0, 6633.0, 6634.0, 6637.0, 6647.0, 6827.0, 6873.0, 6877.0, 6879.0, 6921.0, 6923.0, 6949.0, 7013.0, 7050.0, 7067.0, 7161.0, 7175.0, 7268.0, 7295.0, 7311.0, 7322.0, 7324.0, 7329.0, 7334.0, 7345.0, 7355.0, 7374.0, 7378.0, 7385.0, 7518.0, 7596.0, 7709.0, 7727.0, 7818.0, 7975.0, 8061.0, 8089.0, 8106.0, 8125.0, 8148.0, 8189.0, 8237.0, 8341.0, 8394.0, 8438.0, 8449.0, 8479.0, 8480.0, 8576.0, 8626.0, 8682.0, 8697.0, 8704.0, 8721.0, 8726.0, 8888.0, 8896.0, 9070.0, 9092.0, 9126.0, 9223.0, 9270.0, 9295.0, 9320.0, 9338.0, 9349.0, 9361.0, 9429.0, 9441.0, 9442.0, 9446.0, 9589.0, 9616.0, 9643.0, 9739.0, 9862.0, 9880.0, 9897.0, 9968.0, 9978.0, 9994.0, 10014.0, 10073.0, 10075.0, 10109.0, 10150.0, 10155.0, 10172.0, 10199.0, 10200.0, 10204.0, 10213.0, 10228.0, 10236.0, 10283.0, 10284.0, 10291.0, 10421.0, 10438.0, 10440.0, 10465.0, 10594.0, 10607.0, 10625.0, 10735.0, 10799.0, 10865.0, 10919.0, 10921.0, 10949.0, 10951.0, 11017.0, 11091.0, 11102.0, 11157.0, 11168.0, 11194.0, 11315.0, 11316.0, 11335.0, 22826.0, 22828.0, 22873.0, 22889.0, 22897.0, 22932.0, 22936.0, 23016.0, 23038.0, 23064.0, 23076.0, 23082.0, 23090.0, 23152.0, 23175.0, 23186.0, 23195.0, 23211.0, 23214.0, 23220.0, 23224.0, 23246.0, 23338.0, 23380.0, 23450.0, 23474.0, 23476.0, 23514.0, 23523.0, 23541.0, 23594.0, 23613.0, 23658.0, 23764.0, 24148.0, 25804.0, 25949.0, 25983.0, 26017.0, 26137.0, 26145.0, 26155.0, 26168.0, 26173.0, 26523.0, 27086.0, 27111.0, 27158.0, 27247.0, 27258.0, 27297.0, 27340.0, 28952.0, 29085.0, 29099.0, 29102.0, 29115.0, 29844.0, 29890.0, 29923.0, 29954.0, 29979.0, 29982.0, 49855.0, 50485.0, 51003.0, 51008.0, 51076.0, 51077.0, 51112.0, 51119.0, 51138.0, 51147.0, 51157.0, 51187.0, 51274.0, 51473.0, 51499.0, 51501.0, 51529.0, 51562.0, 51585.0, 51639.0, 51667.0, 51759.0, 53335.0, 54107.0, 54221.0, 54458.0, 54531.0, 54876.0, 54883.0, 54886.0, 54897.0, 54921.0, 54957.0, 54968.0, 55082.0, 55167.0, 55193.0, 55201.0, 55308.0, 55505.0, 55588.0, 55611.0, 55619.0, 55636.0, 55651.0, 55656.0, 55731.0, 55759.0, 55806.0, 55814.0, 55954.0, 56260.0, 56271.0, 56849.0, 57019.0, 57132.0, 57192.0, 57414.0, 57455.0, 57460.0, 57461.0, 57492.0, 57662.0, 57706.0, 57727.0, 58490.0, 58508.0, 60592.0, 63901.0, 63925.0, 64061.0, 64121.0, 64421.0, 64425.0, 64776.0, 64802.0, 79016.0, 79035.0, 79058.0, 79074.0, 79101.0, 79576.0, 79618.0, 79729.0, 79753.0, 79798.0, 79843.0, 79892.0, 79960.0, 80010.0, 80145.0, 80205.0, 80233.0, 80306.0, 80349.0, 80758.0, 81609.0, 84246.0, 84305.0, 84316.0, 84335.0, 84464.0, 84520.0, 84622.0, 84629.0, 84656.0, 84661.0, 84688.0, 84722.0, 84844.0, 84964.0, 84971.0, 85236.0, 85437.0, 89849.0, 90809.0, 91368.0, 91689.0, 91975.0, 92609.0, 113179.0, 114881.0, 116092.0, 118487.0, 121642.0, 122704.0, 125988.0, 136647.0, 147923.0, 150678.0, 161882.0, 163087.0, 163126.0, 200014.0, 201254.0, 201931.0, 220988.0, 283149.0, 283489.0, 283742.0, 286053.0, 339487.0, 344967.0, 353497.0, 388121.0, 389677.0, 401466.0, 727800.0 
GO:0022627 CC 2.55e-10 20/1709    41/17265 D05 cytosolic small ribosomal subunit        6189.0, 6201.0, 6202.0, 6203.0, 6204.0, 6206.0, 6207.0, 6209.0, 6210.0, 6218.0, 6222.0, 6223.0, 6227.0, 6229.0, 6230.0, 6232.0, 6233.0, 6235.0, 7311.0, 51065.0 
GO:0005840 CC 7.38e-10 19/1709    39/17265 D05 ribosome                                 6133.0, 6138.0, 6155.0, 6201.0, 6203.0, 6204.0, 6207.0, 6218.0, 6222.0, 6223.0, 6230.0, 6232.0, 9349.0, 10985.0, 23521.0, 28998.0, 51187.0, 92259.0, 200916.0 
GO:0005753 CC 3.29e-09 12/1709    17/17265 D05 mitochondrial proton-transporting ATP synthase complex 498.0, 506.0, 509.0, 514.0, 515.0, 516.0, 521.0, 522.0, 539.0, 9556.0, 10476.0, 84833.0 
GO:0005634 CC 3.86e-08 565/1709  4719/17265 D05 nucleus                                  43.0, 81.0, 207.0, 267.0, 310.0, 323.0, 403.0, 427.0, 506.0, 515.0, 539.0, 546.0, 585.0, 595.0, 668.0, 694.0, 773.0, 790.0, 892.0, 894.0, 1027.0, 1106.0, 1108.0, 1385.0, 1390.0, 1457.0, 1476.0, 1479.0, 1647.0, 1649.0, 1655.0, 1716.0, 1762.0, 1786.0, 1788.0, 1852.0, 1879.0, 2002.0, 2063.0, 2068.0, 2077.0, 2079.0, 2091.0, 2122.0, 2172.0, 2186.0, 2256.0, 2273.0, 2287.0, 2295.0, 2297.0, 2307.0, 2313.0, 2495.0, 2547.0, 2597.0, 2738.0, 2745.0, 2770.0, 2794.0, 2874.0, 2931.0, 2958.0, 3005.0, 3014.0, 3015.0, 3038.0, 3054.0, 3094.0, 3148.0, 3151.0, 3181.0, 3183.0, 3191.0, 3281.0, 3297.0, 3344.0, 3516.0, 3551.0, 3608.0, 3621.0, 3958.0, 4116.0, 4288.0, 4489.0, 4499.0, 4501.0, 4502.0, 4616.0, 4676.0, 4774.0, 4775.0, 4781.0, 4782.0, 4841.0, 4843.0, 4851.0, 4857.0, 4858.0, 4860.0, 4869.0, 4900.0, 4926.0, 4946.0, 4947.0, 4957.0, 4999.0, 5036.0, 5037.0, 5071.0, 5089.0, 5203.0, 5204.0, 5291.0, 5423.0, 5432.0, 5434.0, 5439.0, 5441.0, 5510.0, 5516.0, 5536.0, 5565.0, 5569.0, 5571.0, 5585.0, 5604.0, 5609.0, 5682.0, 5684.0, 5687.0, 5689.0, 5690.0, 5691.0, 5695.0, 5700.0, 5706.0, 5713.0, 5714.0, 5717.0, 5757.0, 5763.0, 5791.0, 5814.0, 5862.0, 5887.0, 5936.0, 5937.0, 6015.0, 6049.0, 6118.0, 6124.0, 6133.0, 6134.0, 6138.0, 6141.0, 6155.0, 6156.0, 6168.0, 6189.0, 6201.0, 6202.0, 6203.0, 6207.0, 6209.0, 6222.0, 6229.0, 6230.0, 6232.0, 6233.0, 6277.0, 6304.0, 6386.0, 6387.0, 6399.0, 6418.0, 6427.0, 6494.0, 6499.0, 6597.0, 6627.0, 6628.0, 6633.0, 6634.0, 6637.0, 6647.0, 6727.0, 6729.0, 6741.0, 6742.0, 6827.0, 6873.0, 6877.0, 6879.0, 7013.0, 7067.0, 7114.0, 7161.0, 7167.0, 7175.0, 7248.0, 7249.0, 7268.0, 7295.0, 7311.0, 7322.0, 7324.0, 7325.0, 7329.0, 7334.0, 7374.0, 7518.0, 7531.0, 7549.0, 7576.0, 7596.0, 7692.0, 7727.0, 7760.0, 7771.0, 7789.0, 7975.0, 8031.0, 8061.0, 8089.0, 8106.0, 8125.0, 8148.0, 8237.0, 8341.0, 8394.0, 8427.0, 8438.0, 8449.0, 8479.0, 8480.0, 8559.0, 8626.0, 8655.0, 8721.0, 8726.0, 8813.0, 8888.0, 8896.0, 9039.0, 9070.0, 9092.0, 9093.0, 9125.0, 9141.0, 9270.0, 9278.0, 9295.0, 9310.0, 9320.0, 9338.0, 9401.0, 9441.0, 9442.0, 9531.0, 9541.0, 9589.0, 9616.0, 9658.0, 9683.0, 9686.0, 9739.0, 9862.0, 9921.0, 9968.0, 9978.0, 9994.0, 10006.0, 10014.0, 10075.0, 10093.0, 10094.0, 10109.0, 10155.0, 10169.0, 10172.0, 10200.0, 10209.0, 10213.0, 10236.0, 10241.0, 10284.0, 10291.0, 10325.0, 10363.0, 10395.0, 10421.0, 10438.0, 10520.0, 10580.0, 10589.0, 10591.0, 10594.0, 10735.0, 10742.0, 10758.0, 10799.0, 10865.0, 10912.0, 10919.0, 10921.0, 10949.0, 10950.0, 10951.0, 10957.0, 10983.0, 11007.0, 11091.0, 11144.0, 11157.0, 11168.0, 11186.0, 11261.0, 11315.0, 11331.0, 11335.0, 22826.0, 22828.0, 22873.0, 22889.0, 23016.0, 23064.0, 23076.0, 23082.0, 23090.0, 23125.0, 23144.0, 23148.0, 23152.0, 23175.0, 23186.0, 23195.0, 23211.0, 23214.0, 23224.0, 23293.0, 23450.0, 23476.0, 23479.0, 23521.0, 23523.0, 23541.0, 23613.0, 23616.0, 23658.0, 23761.0, 23764.0, 24148.0, 25804.0, 25824.0, 25911.0, 25949.0, 25976.0, 25999.0, 26137.0, 26145.0, 26155.0, 26168.0, 26354.0, 26523.0, 27018.0, 27086.0, 27153.0, 27247.0, 27257.0, 27258.0, 29102.0, 29115.0, 29118.0, 29799.0, 29844.0, 29890.0, 29998.0, 50485.0, 51002.0, 51003.0, 51008.0, 51058.0, 51065.0, 51076.0, 51112.0, 51119.0, 51126.0, 51138.0, 51142.0, 51147.0, 51157.0, 51188.0, 51371.0, 51501.0, 51529.0, 51621.0, 51639.0, 51646.0, 51693.0, 53335.0, 54107.0, 54212.0, 54345.0, 54531.0, 54883.0, 54897.0, 55023.0, 55167.0, 55201.0, 55206.0, 55230.0, 55308.0, 55342.0, 55437.0, 55588.0, 55611.0, 55619.0, 55636.0, 55679.0, 55837.0, 55854.0, 55888.0, 55905.0, 56271.0, 56478.0, 56849.0, 56897.0, 56948.0, 56984.0, 57337.0, 57455.0, 57460.0, 57461.0, 57479.0, 57519.0, 57570.0, 58490.0, 58491.0, 58499.0, 58506.0, 58508.0, 59286.0, 63901.0, 63925.0, 63932.0, 64061.0, 64121.0, 64802.0, 64864.0, 79003.0, 79035.0, 79074.0, 79576.0, 79618.0, 79753.0, 79892.0, 79898.0, 79915.0, 79921.0, 79960.0, 80124.0, 80145.0, 80271.0, 80306.0, 80312.0, 80349.0, 80714.0, 80726.0, 81602.0, 81892.0, 83855.0, 84078.0, 84246.0, 84316.0, 84520.0, 84525.0, 84617.0, 84622.0, 84627.0, 84661.0, 84688.0, 84707.0, 84844.0, 85012.0, 85236.0, 89887.0, 90121.0, 90317.0, 90485.0, 90529.0, 91039.0, 91156.0, 91664.0, 91975.0, 92342.0, 94104.0, 112755.0, 112942.0, 113146.0, 114991.0, 115361.0, 115950.0, 116092.0, 116362.0, 119016.0, 124961.0, 128866.0, 130557.0, 132430.0, 132789.0, 135114.0, 135138.0, 136647.0, 137392.0, 138199.0, 140467.0, 140597.0, 140735.0, 140883.0, 147923.0, 150678.0, 153527.0, 157285.0, 158431.0, 158931.0, 161882.0, 162979.0, 163033.0, 163126.0, 168850.0, 170622.0, 200014.0, 201798.0, 219541.0, 219790.0, 220988.0, 221692.0, 255374.0, 283149.0, 283385.0, 283489.0, 283742.0, 285349.0, 286053.0, 286430.0, 333929.0, 339344.0, 340543.0, 342357.0, 345462.0, 353497.0, 374655.0, 378938.0, 387751.0, 440093.0, 441951.0, 503542.0, 644353.0, 729967.0, 100129583.0, 100131187.0, 100293516.0, 100381270.0, 100507290.0 
GO:0005747 CC 5.16e-08 19/1709    48/17265 D06 mitochondrial respiratory chain complex I 4694.0, 4695.0, 4696.0, 4697.0, 4700.0, 4702.0, 4705.0, 4707.0, 4709.0, 4710.0, 4712.0, 4713.0, 4714.0, 4717.0, 4718.0, 4724.0, 4726.0, 4731.0, 55967.0 
GO:0046540 CC 8.94e-08 15/1709    32/17265 D06 U4/U6 x U5 tri-snRNP complex             6628.0, 6633.0, 6634.0, 6637.0, 8559.0, 9092.0, 10465.0, 10594.0, 11157.0, 23658.0, 24148.0, 25804.0, 27258.0, 54957.0, 153527.0 
GO:0071005 CC 1.12e-07 19/1709    50/17265 D05 U2-type precatalytic spliceosome         6627.0, 6628.0, 6633.0, 6634.0, 6637.0, 8449.0, 9092.0, 10283.0, 10291.0, 10594.0, 11157.0, 23450.0, 23658.0, 24148.0, 25804.0, 27258.0, 79753.0, 84844.0, 153527.0 
GO:0005829 CC 2.68e-07 570/1709  4828/17265 D02 cytosol                                  81.0, 91.0, 160.0, 207.0, 211.0, 242.0, 267.0, 372.0, 375.0, 475.0, 529.0, 534.0, 535.0, 585.0, 595.0, 599.0, 644.0, 738.0, 752.0, 790.0, 843.0, 873.0, 894.0, 991.0, 998.0, 1027.0, 1154.0, 1174.0, 1175.0, 1327.0, 1445.0, 1457.0, 1476.0, 1491.0, 1608.0, 1649.0, 1655.0, 1716.0, 1778.0, 1808.0, 1852.0, 1857.0, 2009.0, 2010.0, 2034.0, 2050.0, 2058.0, 2060.0, 2068.0, 2077.0, 2098.0, 2107.0, 2122.0, 2172.0, 2273.0, 2313.0, 2324.0, 2495.0, 2512.0, 2547.0, 2582.0, 2597.0, 2645.0, 2745.0, 2804.0, 2874.0, 2931.0, 2992.0, 3035.0, 3094.0, 3183.0, 3281.0, 3297.0, 3551.0, 3612.0, 3884.0, 3945.0, 4214.0, 4489.0, 4502.0, 4637.0, 4641.0, 4775.0, 4843.0, 4851.0, 4854.0, 4860.0, 4869.0, 4900.0, 4926.0, 4946.0, 4947.0, 4957.0, 5037.0, 5071.0, 5092.0, 5119.0, 5147.0, 5203.0, 5204.0, 5209.0, 5230.0, 5239.0, 5241.0, 5256.0, 5291.0, 5297.0, 5336.0, 5339.0, 5432.0, 5434.0, 5441.0, 5464.0, 5516.0, 5536.0, 5565.0, 5571.0, 5585.0, 5604.0, 5609.0, 5631.0, 5648.0, 5682.0, 5684.0, 5687.0, 5689.0, 5690.0, 5691.0, 5695.0, 5700.0, 5706.0, 5713.0, 5714.0, 5717.0, 5721.0, 5757.0, 5805.0, 5828.0, 5861.0, 5862.0, 5868.0, 5875.0, 5887.0, 5908.0, 5936.0, 5937.0, 6015.0, 6124.0, 6133.0, 6134.0, 6138.0, 6141.0, 6142.0, 6143.0, 6144.0, 6152.0, 6154.0, 6155.0, 6156.0, 6157.0, 6159.0, 6160.0, 6161.0, 6164.0, 6165.0, 6167.0, 6168.0, 6169.0, 6170.0, 6171.0, 6189.0, 6201.0, 6202.0, 6203.0, 6204.0, 6206.0, 6207.0, 6209.0, 6210.0, 6218.0, 6222.0, 6223.0, 6227.0, 6229.0, 6230.0, 6232.0, 6233.0, 6235.0, 6277.0, 6386.0, 6399.0, 6415.0, 6418.0, 6427.0, 6430.0, 6450.0, 6494.0, 6499.0, 6558.0, 6628.0, 6633.0, 6634.0, 6637.0, 6647.0, 6709.0, 6727.0, 6729.0, 6793.0, 6853.0, 6921.0, 6923.0, 6949.0, 7048.0, 7051.0, 7067.0, 7082.0, 7094.0, 7114.0, 7161.0, 7167.0, 7248.0, 7249.0, 7251.0, 7295.0, 7311.0, 7322.0, 7324.0, 7327.0, 7329.0, 7334.0, 7345.0, 7378.0, 7407.0, 7410.0, 7458.0, 7518.0, 7531.0, 7532.0, 7727.0, 8061.0, 8139.0, 8165.0, 8189.0, 8237.0, 8341.0, 8394.0, 8398.0, 8514.0, 8540.0, 8576.0, 8655.0, 8662.0, 8663.0, 8669.0, 8682.0, 8697.0, 8721.0, 8726.0, 8733.0, 8831.0, 8888.0, 8894.0, 9039.0, 9092.0, 9093.0, 9125.0, 9126.0, 9140.0, 9141.0, 9270.0, 9320.0, 9349.0, 9361.0, 9442.0, 9446.0, 9482.0, 9531.0, 9550.0, 9616.0, 9669.0, 9677.0, 9683.0, 9765.0, 9814.0, 9826.0, 9844.0, 9897.0, 9929.0, 9978.0, 10006.0, 10010.0, 10014.0, 10073.0, 10075.0, 10093.0, 10094.0, 10109.0, 10120.0, 10142.0, 10169.0, 10200.0, 10204.0, 10213.0, 10228.0, 10241.0, 10284.0, 10294.0, 10325.0, 10395.0, 10421.0, 10542.0, 10576.0, 10580.0, 10591.0, 10603.0, 10625.0, 10652.0, 10654.0, 10735.0, 10767.0, 10869.0, 10908.0, 10921.0, 10952.0, 10985.0, 10993.0, 11021.0, 11157.0, 11168.0, 11190.0, 11224.0, 11258.0, 11315.0, 11316.0, 11333.0, 11345.0, 22818.0, 22826.0, 22873.0, 22897.0, 22899.0, 22902.0, 22905.0, 22907.0, 22994.0, 23016.0, 23038.0, 23076.0, 23113.0, 23164.0, 23173.0, 23175.0, 23190.0, 23195.0, 23211.0, 23214.0, 23220.0, 23293.0, 23380.0, 23479.0, 23480.0, 23521.0, 23523.0, 23541.0, 23564.0, 23594.0, 23616.0, 23647.0, 23658.0, 23710.0, 23762.0, 25804.0, 25824.0, 25873.0, 25999.0, 26000.0, 26046.0, 26065.0, 26153.0, 26155.0, 26249.0, 26270.0, 26355.0, 26523.0, 27018.0, 27068.0, 27111.0, 27124.0, 27158.0, 27237.0, 27246.0, 27247.0, 27257.0, 27258.0, 27297.0, 28952.0, 28985.0, 29085.0, 29099.0, 29102.0, 29801.0, 29904.0, 29923.0, 29954.0, 29979.0, 30011.0, 49855.0, 50618.0, 50861.0, 51002.0, 51076.0, 51112.0, 51119.0, 51126.0, 51128.0, 51138.0, 51147.0, 51171.0, 51271.0, 51371.0, 51421.0, 51473.0, 51501.0, 51510.0, 51520.0, 51529.0, 51560.0, 51562.0, 51594.0, 51667.0, 51693.0, 51759.0, 53335.0, 53917.0, 54458.0, 54461.0, 54469.0, 54541.0, 54832.0, 54867.0, 54897.0, 54957.0, 55082.0, 55111.0, 55142.0, 55201.0, 55223.0, 55230.0, 55437.0, 55611.0, 55619.0, 55670.0, 55679.0, 55697.0, 55744.0, 55845.0, 55854.0, 55860.0, 55901.0, 55905.0, 55920.0, 55967.0, 56270.0, 56271.0, 56478.0, 56616.0, 56984.0, 56995.0, 57132.0, 57492.0, 57569.0, 57655.0, 57704.0, 57706.0, 57731.0, 60592.0, 63891.0, 64121.0, 64122.0, 64397.0, 65268.0, 79003.0, 79017.0, 79035.0, 79058.0, 79101.0, 79135.0, 79176.0, 79576.0, 79591.0, 79618.0, 79672.0, 79719.0, 79735.0, 79753.0, 79784.0, 79798.0, 79892.0, 80145.0, 80176.0, 80205.0, 80233.0, 80271.0, 80349.0, 80758.0, 81609.0, 81858.0, 81929.0, 84078.0, 84219.0, 84305.0, 84335.0, 84464.0, 84520.0, 84629.0, 84656.0, 84688.0, 84722.0, 84902.0, 85236.0, 85378.0, 85415.0, 85437.0, 85459.0, 89849.0, 90639.0, 91039.0, 92342.0, 93611.0, 94104.0, 103910.0, 112464.0, 112755.0, 113146.0, 114881.0, 115361.0, 115939.0, 116362.0, 118487.0, 122553.0, 123016.0, 128866.0, 132430.0, 132789.0, 135138.0, 136332.0, 138199.0, 140459.0, 140465.0, 140735.0, 142678.0, 152273.0, 155038.0, 157285.0, 201475.0, 221692.0, 253558.0, 255374.0, 261729.0, 283987.0, 344967.0, 345275.0, 387751.0, 388121.0, 388962.0, 401466.0, 474344.0, 727800.0, 729438.0, 100131187.0 
GO:0042788 CC 3.12e-06 13/1709    31/17265 D06 polysomal ribosome                       6141.0, 6142.0, 6143.0, 6152.0, 6156.0, 6160.0, 6161.0, 6169.0, 6170.0, 6171.0, 6227.0, 6235.0, 25873.0 
GO:0005739 CC 4.52e-06 173/1709  1252/17265 D05 mitochondrion                            18.0, 36.0, 207.0, 211.0, 291.0, 498.0, 506.0, 509.0, 515.0, 516.0, 521.0, 522.0, 539.0, 1327.0, 1337.0, 1340.0, 1345.0, 1349.0, 1350.0, 1716.0, 2002.0, 2011.0, 2108.0, 2645.0, 2653.0, 2806.0, 2874.0, 2931.0, 3035.0, 3336.0, 3954.0, 4257.0, 4519.0, 4694.0, 4696.0, 4697.0, 4702.0, 4705.0, 4707.0, 4710.0, 4712.0, 4713.0, 4714.0, 4718.0, 4724.0, 4731.0, 5019.0, 5071.0, 5203.0, 5442.0, 5604.0, 5805.0, 6341.0, 6390.0, 6647.0, 6742.0, 7374.0, 7385.0, 7388.0, 7818.0, 8165.0, 8398.0, 8540.0, 8560.0, 8655.0, 8733.0, 8802.0, 9093.0, 9167.0, 9361.0, 9553.0, 9994.0, 10075.0, 10440.0, 10476.0, 10652.0, 10730.0, 10797.0, 10993.0, 11194.0, 11222.0, 11315.0, 11331.0, 22907.0, 23224.0, 23474.0, 23479.0, 23564.0, 23597.0, 23710.0, 23761.0, 23764.0, 25824.0, 25912.0, 25983.0, 26355.0, 26520.0, 27068.0, 27069.0, 27089.0, 27247.0, 28957.0, 28998.0, 29093.0, 51031.0, 51142.0, 51263.0, 51406.0, 51499.0, 51537.0, 51585.0, 51650.0, 51706.0, 54470.0, 54541.0, 54543.0, 54902.0, 54968.0, 54977.0, 54996.0, 55082.0, 55173.0, 55744.0, 55863.0, 55967.0, 56616.0, 56993.0, 57019.0, 63875.0, 63933.0, 64928.0, 64968.0, 64979.0, 64983.0, 78988.0, 79135.0, 79843.0, 80726.0, 81892.0, 83982.0, 84233.0, 84334.0, 84629.0, 84833.0, 84971.0, 90529.0, 90639.0, 91574.0, 91689.0, 91942.0, 92259.0, 92609.0, 93974.0, 116228.0, 116541.0, 118487.0, 122509.0, 122704.0, 125988.0, 135154.0, 140823.0, 152100.0, 152926.0, 155038.0, 196294.0, 282991.0, 284106.0, 388962.0, 493753.0, 728568.0, 751071.0, 100287932.0, 100303755.0 
GO:0005751 CC 6.40e-06 10/1709    20/17265 D05 mitochondrial respiratory chain complex IV 1327.0, 1337.0, 1340.0, 1345.0, 1347.0, 1349.0, 1350.0, 4697.0, 7385.0, 9167.0 
GO:0005750 CC 7.40e-06  8/1709    13/17265 D05 mitochondrial respiratory chain complex III 4519.0, 7381.0, 7385.0, 7388.0, 10975.0, 27089.0, 29796.0, 440567.0 
GO:0005682 CC 1.04e-05  9/1709    17/17265 D05 U5 snRNP                                 6628.0, 6633.0, 6634.0, 6637.0, 8559.0, 10421.0, 10594.0, 24148.0, 54957.0 
GO:0005730 CC 3.02e-05 117/1709   812/17265 D05 nucleolus                                738.0, 894.0, 1476.0, 1655.0, 2091.0, 2547.0, 2975.0, 3148.0, 3516.0, 3608.0, 4189.0, 4288.0, 4641.0, 4857.0, 4869.0, 5036.0, 5291.0, 5303.0, 5936.0, 6124.0, 6141.0, 6143.0, 6154.0, 6155.0, 6189.0, 6201.0, 6203.0, 6204.0, 6207.0, 6223.0, 6230.0, 6233.0, 6430.0, 6597.0, 6902.0, 6949.0, 7013.0, 7251.0, 8479.0, 8540.0, 8721.0, 9167.0, 9223.0, 9349.0, 9442.0, 9643.0, 9683.0, 10199.0, 10200.0, 10438.0, 10607.0, 10609.0, 10865.0, 10969.0, 10984.0, 11102.0, 11157.0, 11194.0, 11224.0, 11258.0, 23016.0, 23064.0, 23076.0, 23195.0, 23214.0, 23246.0, 23293.0, 23450.0, 23521.0, 25873.0, 25983.0, 26017.0, 26155.0, 26156.0, 26168.0, 26354.0, 27111.0, 27340.0, 29102.0, 29954.0, 51076.0, 51077.0, 51119.0, 51154.0, 51187.0, 51406.0, 51529.0, 51538.0, 51562.0, 51667.0, 55201.0, 55636.0, 55759.0, 55920.0, 57019.0, 64061.0, 64397.0, 64425.0, 79101.0, 80335.0, 84305.0, 84520.0, 84549.0, 85028.0, 91368.0, 91975.0, 92342.0, 116092.0, 125144.0, 219539.0, 283149.0, 285855.0, 401466.0, 594839.0, 677802.0, 767563.0, 100381270.0 
GO:0000502 CC 3.36e-05 16/1709    53/17265 D05 proteasome complex                       5682.0, 5684.0, 5687.0, 5689.0, 5690.0, 5691.0, 5695.0, 5700.0, 5706.0, 5713.0, 5714.0, 5717.0, 5721.0, 5887.0, 10213.0, 29979.0 
GO:0005686 CC 5.44e-05  9/1709    20/17265 D05 U2 snRNP                                 6627.0, 6628.0, 6633.0, 6634.0, 6637.0, 10291.0, 23450.0, 51639.0, 84844.0 
GO:0031966 CC 6.70e-05 26/1709   117/17265 D04 mitochondrial membrane                   249.0, 506.0, 1327.0, 1337.0, 1340.0, 1345.0, 1347.0, 1349.0, 1350.0, 4694.0, 4695.0, 4697.0, 4700.0, 4712.0, 4900.0, 6048.0, 6390.0, 8560.0, 9429.0, 11194.0, 26355.0, 29801.0, 81554.0, 81853.0, 83982.0, 100505876.0 
GO:0071013 CC 7.38e-05 21/1709    86/17265 D04 catalytic step 2 spliceosome             1655.0, 3181.0, 3183.0, 4116.0, 6627.0, 6628.0, 6633.0, 6634.0, 6637.0, 9092.0, 10236.0, 10283.0, 10291.0, 10594.0, 23450.0, 24148.0, 25949.0, 27258.0, 51639.0, 57461.0, 220988.0 
GO:0015935 CC 1.60e-04  8/1709    18/17265 D04 small ribosomal subunit                  6203.0, 6222.0, 6227.0, 6229.0, 6230.0, 6233.0, 6235.0, 64968.0 
GO:0016272 CC 1.67e-04  5/1709     7/17265 D02 prefoldin complex                        5201.0, 5203.0, 5204.0, 10471.0, 81572.0 
GO:0031305 CC 2.61e-04 12/1709    39/17265 D06 integral component of mitochondrial inner membrane 4519.0, 6341.0, 10245.0, 10440.0, 23761.0, 27069.0, 55744.0, 63933.0, 79135.0, 91689.0, 100131801.0, 100287932.0 
GO:0000276 CC 4.09e-04  5/1709     8/17265 D05 mitochondrial proton-transporting ATP synthase complex, coupling factor F(o) 515.0, 516.0, 518.0, 521.0, 522.0 
GO:1990904 CC 4.39e-04 29/1709   149/17265 D02 ribonucleoprotein complex                81.0, 1655.0, 2058.0, 2597.0, 2975.0, 3181.0, 3191.0, 3297.0, 3608.0, 4869.0, 5937.0, 6124.0, 6154.0, 6155.0, 6189.0, 6201.0, 6202.0, 6203.0, 6637.0, 6741.0, 8106.0, 10236.0, 23246.0, 23521.0, 26523.0, 81892.0, 132430.0, 220988.0, 389677.0 
GO:0005689 CC 5.85e-04  9/1709    26/17265 D04 U12-type spliceosomal complex            6628.0, 6633.0, 6634.0, 6637.0, 23450.0, 51639.0, 55954.0, 84844.0, 85437.0 
GO:0002177 CC 8.66e-04  6/1709    13/17265 D02 manchette                                22994.0, 23557.0, 55342.0, 84688.0, 135138.0, 136332.0 
GO:0005887 CC 8.30e-07 68/1709  1148/17265 D04 integral component of plasma membrane    90.0, 91.0, 146.0, 291.0, 480.0, 493.0, 610.0, 947.0, 965.0, 1259.0, 1317.0, 1394.0, 1949.0, 2050.0, 2324.0, 2564.0, 2811.0, 2840.0, 3038.0, 3355.0, 3362.0, 3554.0, 3643.0, 3714.0, 3759.0, 3777.0, 4059.0, 4074.0, 4142.0, 5348.0, 5787.0, 6385.0, 6511.0, 6538.0, 6541.0, 6558.0, 7010.0, 7048.0, 7075.0, 7162.0, 7379.0, 8560.0, 8743.0, 8842.0, 9369.0, 9482.0, 10266.0, 10652.0, 10800.0, 23208.0, 23428.0, 23516.0, 23596.0, 51294.0, 54660.0, 54886.0, 55117.0, 55503.0, 56107.0, 56660.0, 56920.0, 57192.0, 58494.0, 79581.0, 84230.0, 92745.0, 114814.0, 196883.0 
GO:0005886 CC 3.37e-04 298/1709  3583/17265 D03 plasma membrane                          43.0, 81.0, 90.0, 91.0, 146.0, 160.0, 207.0, 249.0, 290.0, 357.0, 375.0, 478.0, 480.0, 493.0, 498.0, 506.0, 527.0, 535.0, 539.0, 610.0, 752.0, 773.0, 887.0, 919.0, 947.0, 965.0, 966.0, 998.0, 1005.0, 1010.0, 1154.0, 1175.0, 1259.0, 1317.0, 1363.0, 1394.0, 1445.0, 1457.0, 1608.0, 1808.0, 1824.0, 1949.0, 2011.0, 2014.0, 2022.0, 2050.0, 2058.0, 2060.0, 2273.0, 2324.0, 2548.0, 2597.0, 2770.0, 2806.0, 2811.0, 2840.0, 2896.0, 2901.0, 3038.0, 3094.0, 3140.0, 3355.0, 3362.0, 3554.0, 3643.0, 3682.0, 3714.0, 3738.0, 3759.0, 3761.0, 3763.0, 3777.0, 3958.0, 4023.0, 4041.0, 4059.0, 4074.0, 4142.0, 4257.0, 4352.0, 4641.0, 4718.0, 4843.0, 4851.0, 4854.0, 5119.0, 5243.0, 5256.0, 5291.0, 5297.0, 5336.0, 5339.0, 5348.0, 5536.0, 5604.0, 5660.0, 5787.0, 5791.0, 5868.0, 5875.0, 5878.0, 5908.0, 5962.0, 6233.0, 6277.0, 6281.0, 6385.0, 6386.0, 6390.0, 6511.0, 6520.0, 6538.0, 6541.0, 6558.0, 6647.0, 6709.0, 6793.0, 6997.0, 7010.0, 7048.0, 7051.0, 7082.0, 7094.0, 7162.0, 7248.0, 7251.0, 7311.0, 7345.0, 7410.0, 7531.0, 7727.0, 8189.0, 8394.0, 8398.0, 8447.0, 8514.0, 8560.0, 8576.0, 8577.0, 8655.0, 8744.0, 8751.0, 8795.0, 8831.0, 8842.0, 9132.0, 9223.0, 9229.0, 9270.0, 9369.0, 9429.0, 9528.0, 9531.0, 9550.0, 9643.0, 9677.0, 9844.0, 9929.0, 10126.0, 10228.0, 10266.0, 10423.0, 10487.0, 10560.0, 10580.0, 10603.0, 10800.0, 10972.0, 11018.0, 11021.0, 11261.0, 11315.0, 11331.0, 11333.0, 22795.0, 22905.0, 22983.0, 23139.0, 23208.0, 23214.0, 23380.0, 23428.0, 23516.0, 23596.0, 23643.0, 23647.0, 23762.0, 25960.0, 25999.0, 26000.0, 26505.0, 27111.0, 27124.0, 27297.0, 27340.0, 28956.0, 28985.0, 29085.0, 29970.0, 29979.0, 29985.0, 30011.0, 49861.0, 50618.0, 51271.0, 51294.0, 51330.0, 51347.0, 51421.0, 51449.0, 51510.0, 51573.0, 51599.0, 51705.0, 51706.0, 53917.0, 54221.0, 54329.0, 54538.0, 54742.0, 54843.0, 54886.0, 55117.0, 55262.0, 55327.0, 55503.0, 55679.0, 55829.0, 55905.0, 55920.0, 57132.0, 57192.0, 57403.0, 57492.0, 57561.0, 57622.0, 57628.0, 57655.0, 57670.0, 57704.0, 57731.0, 58494.0, 58515.0, 59284.0, 65268.0, 78999.0, 79058.0, 79414.0, 79581.0, 79729.0, 79960.0, 80758.0, 81544.0, 81618.0, 81839.0, 84230.0, 84258.0, 84418.0, 84435.0, 84902.0, 84904.0, 85415.0, 85459.0, 89845.0, 90809.0, 90952.0, 92745.0, 94103.0, 112755.0, 113146.0, 113791.0, 114814.0, 114881.0, 115361.0, 124925.0, 124930.0, 125875.0, 128866.0, 139065.0, 140735.0, 146395.0, 152273.0, 161357.0, 196883.0, 201475.0, 206358.0, 219790.0, 221395.0, 255057.0, 261729.0, 283659.0, 342979.0, 375323.0, 375790.0, 388121.0, 389813.0, 503542.0, 100506658.0 
GO:0003735 MF 3.31e-29 69/1709   155/17265 D02 structural constituent of ribosome       6124.0, 6133.0, 6134.0, 6138.0, 6141.0, 6142.0, 6143.0, 6144.0, 6152.0, 6154.0, 6155.0, 6156.0, 6157.0, 6159.0, 6160.0, 6161.0, 6164.0, 6165.0, 6167.0, 6168.0, 6169.0, 6170.0, 6171.0, 6189.0, 6201.0, 6202.0, 6203.0, 6204.0, 6206.0, 6207.0, 6209.0, 6210.0, 6218.0, 6222.0, 6223.0, 6227.0, 6229.0, 6230.0, 6232.0, 6233.0, 6235.0, 7311.0, 7818.0, 9349.0, 9553.0, 11222.0, 11224.0, 23521.0, 25873.0, 28998.0, 29093.0, 51065.0, 51121.0, 51187.0, 51263.0, 51650.0, 54460.0, 60488.0, 63875.0, 64928.0, 64968.0, 64979.0, 64983.0, 65008.0, 78988.0, 116541.0, 122704.0, 200916.0, 285855.0 
GO:0003723 MF 8.95e-24 247/1709  1330/17265 D04 RNA binding                              81.0, 310.0, 372.0, 375.0, 498.0, 509.0, 1106.0, 1476.0, 1479.0, 1655.0, 1778.0, 1786.0, 2011.0, 2079.0, 2091.0, 2107.0, 2287.0, 2547.0, 2804.0, 2806.0, 2896.0, 3005.0, 3148.0, 3151.0, 3181.0, 3183.0, 3191.0, 3336.0, 3608.0, 3958.0, 4116.0, 4288.0, 4676.0, 4731.0, 4841.0, 4857.0, 4858.0, 4869.0, 5036.0, 5037.0, 5303.0, 5339.0, 5442.0, 5536.0, 5682.0, 5687.0, 5700.0, 5814.0, 5936.0, 5937.0, 5962.0, 6124.0, 6133.0, 6134.0, 6138.0, 6141.0, 6142.0, 6143.0, 6144.0, 6152.0, 6154.0, 6155.0, 6156.0, 6157.0, 6159.0, 6160.0, 6161.0, 6164.0, 6165.0, 6167.0, 6168.0, 6169.0, 6170.0, 6171.0, 6189.0, 6201.0, 6202.0, 6203.0, 6204.0, 6206.0, 6207.0, 6209.0, 6210.0, 6218.0, 6222.0, 6223.0, 6227.0, 6229.0, 6230.0, 6232.0, 6233.0, 6427.0, 6430.0, 6431.0, 6499.0, 6520.0, 6597.0, 6627.0, 6628.0, 6631.0, 6633.0, 6634.0, 6637.0, 6727.0, 6729.0, 6741.0, 6742.0, 6902.0, 6949.0, 7114.0, 7175.0, 7295.0, 7329.0, 7334.0, 7458.0, 7531.0, 7532.0, 7818.0, 8106.0, 8125.0, 8148.0, 8165.0, 8449.0, 8480.0, 8662.0, 8663.0, 8721.0, 8802.0, 8894.0, 9092.0, 9295.0, 9349.0, 9669.0, 9739.0, 10075.0, 10150.0, 10155.0, 10199.0, 10200.0, 10209.0, 10236.0, 10284.0, 10291.0, 10438.0, 10594.0, 10607.0, 10921.0, 10949.0, 10952.0, 10969.0, 10985.0, 11157.0, 11168.0, 11222.0, 11224.0, 11333.0, 22828.0, 22889.0, 22907.0, 23016.0, 23064.0, 23076.0, 23082.0, 23211.0, 23246.0, 23255.0, 23293.0, 23521.0, 23658.0, 24148.0, 25766.0, 25804.0, 25873.0, 25949.0, 25972.0, 25983.0, 26017.0, 26065.0, 26155.0, 26156.0, 26354.0, 26523.0, 27257.0, 27258.0, 27340.0, 28957.0, 28998.0, 29093.0, 29102.0, 29118.0, 29890.0, 51008.0, 51065.0, 51077.0, 51106.0, 51119.0, 51121.0, 51154.0, 51406.0, 51538.0, 51639.0, 54460.0, 55119.0, 55308.0, 55342.0, 55505.0, 55651.0, 55854.0, 55920.0, 56107.0, 56478.0, 57461.0, 57727.0, 58506.0, 58508.0, 60488.0, 63897.0, 64397.0, 64928.0, 64983.0, 65008.0, 65117.0, 79576.0, 79753.0, 80145.0, 81554.0, 81892.0, 84305.0, 84549.0, 84844.0, 85437.0, 92609.0, 113000.0, 116541.0, 118487.0, 126668.0, 132430.0, 149986.0, 163033.0, 200916.0, 220988.0, 246243.0, 280636.0, 283742.0, 284677.0, 285855.0, 389677.0 
GO:0005515 MF 1.40e-12 1208/1709 10862/17265 D02 protein binding                          2.0, 43.0, 81.0, 90.0, 91.0, 146.0, 160.0, 207.0, 211.0, 249.0, 267.0, 291.0, 310.0, 323.0, 357.0, 372.0, 375.0, 403.0, 475.0, 478.0, 480.0, 493.0, 498.0, 506.0, 509.0, 514.0, 515.0, 516.0, 518.0, 521.0, 522.0, 527.0, 529.0, 534.0, 535.0, 539.0, 546.0, 585.0, 595.0, 599.0, 605.0, 610.0, 633.0, 644.0, 668.0, 694.0, 738.0, 746.0, 752.0, 773.0, 843.0, 887.0, 892.0, 894.0, 919.0, 947.0, 965.0, 966.0, 991.0, 998.0, 1027.0, 1106.0, 1108.0, 1154.0, 1175.0, 1259.0, 1327.0, 1337.0, 1345.0, 1347.0, 1349.0, 1350.0, 1363.0, 1385.0, 1390.0, 1394.0, 1427.0, 1445.0, 1457.0, 1479.0, 1491.0, 1647.0, 1649.0, 1655.0, 1778.0, 1786.0, 1788.0, 1808.0, 1824.0, 1852.0, 1857.0, 1879.0, 1917.0, 1949.0, 2002.0, 2009.0, 2010.0, 2011.0, 2014.0, 2022.0, 2029.0, 2034.0, 2050.0, 2058.0, 2060.0, 2063.0, 2068.0, 2077.0, 2079.0, 2091.0, 2098.0, 2107.0, 2108.0, 2122.0, 2186.0, 2256.0, 2273.0, 2287.0, 2313.0, 2324.0, 2495.0, 2512.0, 2530.0, 2547.0, 2597.0, 2645.0, 2653.0, 2738.0, 2745.0, 2770.0, 2801.0, 2804.0, 2811.0, 2874.0, 2896.0, 2931.0, 2958.0, 2975.0, 2992.0, 3005.0, 3014.0, 3015.0, 3038.0, 3054.0, 3094.0, 3140.0, 3148.0, 3151.0, 3181.0, 3183.0, 3191.0, 3281.0, 3297.0, 3336.0, 3344.0, 3362.0, 3516.0, 3551.0, 3554.0, 3574.0, 3608.0, 3612.0, 3621.0, 3643.0, 3698.0, 3714.0, 3738.0, 3759.0, 3761.0, 3763.0, 3801.0, 3884.0, 3913.0, 3945.0, 3954.0, 3958.0, 3995.0, 4013.0, 4023.0, 4041.0, 4059.0, 4074.0, 4116.0, 4142.0, 4189.0, 4201.0, 4214.0, 4257.0, 4259.0, 4288.0, 4335.0, 4352.0, 4489.0, 4499.0, 4501.0, 4502.0, 4616.0, 4637.0, 4641.0, 4676.0, 4696.0, 4697.0, 4702.0, 4712.0, 4713.0, 4718.0, 4724.0, 4731.0, 4775.0, 4796.0, 4841.0, 4843.0, 4851.0, 4854.0, 4857.0, 4860.0, 4869.0, 4926.0, 4946.0, 4947.0, 4957.0, 4999.0, 5036.0, 5037.0, 5071.0, 5089.0, 5092.0, 5119.0, 5147.0, 5149.0, 5155.0, 5201.0, 5203.0, 5204.0, 5209.0, 5217.0, 5230.0, 5241.0, 5243.0, 5256.0, 5291.0, 5297.0, 5303.0, 5336.0, 5339.0, 5423.0, 5432.0, 5434.0, 5439.0, 5441.0, 5442.0, 5510.0, 5516.0, 5536.0, 5565.0, 5569.0, 5571.0, 5585.0, 5604.0, 5609.0, 5631.0, 5636.0, 5648.0, 5660.0, 5682.0, 5684.0, 5687.0, 5689.0, 5690.0, 5691.0, 5695.0, 5700.0, 5706.0, 5713.0, 5714.0, 5717.0, 5721.0, 5757.0, 5787.0, 5791.0, 5805.0, 5814.0, 5828.0, 5861.0, 5862.0, 5868.0, 5875.0, 5878.0, 5887.0, 5908.0, 5936.0, 5937.0, 5962.0, 6015.0, 6048.0, 6049.0, 6118.0, 6124.0, 6133.0, 6134.0, 6138.0, 6141.0, 6142.0, 6143.0, 6144.0, 6152.0, 6154.0, 6155.0, 6156.0, 6157.0, 6160.0, 6164.0, 6165.0, 6168.0, 6169.0, 6171.0, 6189.0, 6201.0, 6202.0, 6203.0, 6204.0, 6206.0, 6207.0, 6209.0, 6210.0, 6222.0, 6223.0, 6227.0, 6230.0, 6232.0, 6233.0, 6277.0, 6281.0, 6304.0, 6341.0, 6385.0, 6386.0, 6387.0, 6390.0, 6399.0, 6418.0, 6427.0, 6430.0, 6431.0, 6494.0, 6499.0, 6520.0, 6541.0, 6558.0, 6597.0, 6601.0, 6627.0, 6628.0, 6631.0, 6633.0, 6634.0, 6637.0, 6647.0, 6650.0, 6709.0, 6727.0, 6729.0, 6741.0, 6742.0, 6793.0, 6827.0, 6873.0, 6877.0, 6879.0, 6892.0, 6902.0, 6904.0, 6913.0, 6921.0, 6923.0, 6948.0, 6949.0, 6997.0, 7010.0, 7013.0, 7048.0, 7050.0, 7051.0, 7067.0, 7075.0, 7082.0, 7094.0, 7114.0, 7161.0, 7167.0, 7175.0, 7248.0, 7249.0, 7251.0, 7268.0, 7286.0, 7295.0, 7311.0, 7322.0, 7324.0, 7325.0, 7327.0, 7329.0, 7334.0, 7345.0, 7374.0, 7379.0, 7381.0, 7385.0, 7388.0, 7407.0, 7410.0, 7450.0, 7458.0, 7518.0, 7531.0, 7532.0, 7549.0, 7692.0, 7709.0, 7760.0, 7789.0, 7818.0, 7918.0, 7920.0, 7975.0, 8061.0, 8089.0, 8106.0, 8125.0, 8131.0, 8139.0, 8148.0, 8165.0, 8189.0, 8237.0, 8394.0, 8398.0, 8404.0, 8438.0, 8449.0, 8479.0, 8480.0, 8514.0, 8529.0, 8540.0, 8559.0, 8560.0, 8576.0, 8626.0, 8655.0, 8662.0, 8663.0, 8669.0, 8682.0, 8697.0, 8702.0, 8721.0, 8726.0, 8733.0, 8736.0, 8743.0, 8751.0, 8795.0, 8802.0, 8813.0, 8818.0, 8831.0, 8842.0, 8888.0, 8894.0, 8896.0, 9039.0, 9070.0, 9092.0, 9093.0, 9125.0, 9126.0, 9132.0, 9140.0, 9141.0, 9166.0, 9168.0, 9202.0, 9223.0, 9229.0, 9258.0, 9270.0, 9278.0, 9295.0, 9320.0, 9349.0, 9361.0, 9401.0, 9403.0, 9429.0, 9441.0, 9442.0, 9446.0, 9472.0, 9482.0, 9528.0, 9531.0, 9541.0, 9550.0, 9589.0, 9616.0, 9625.0, 9637.0, 9643.0, 9658.0, 9665.0, 9669.0, 9683.0, 9686.0, 9719.0, 9729.0, 9739.0, 9741.0, 9742.0, 9744.0, 9765.0, 9788.0, 9789.0, 9814.0, 9826.0, 9844.0, 9862.0, 9880.0, 9897.0, 9921.0, 9929.0, 9968.0, 9978.0, 9994.0, 10006.0, 10010.0, 10014.0, 10073.0, 10075.0, 10093.0, 10094.0, 10109.0, 10120.0, 10126.0, 10142.0, 10155.0, 10172.0, 10199.0, 10200.0, 10204.0, 10209.0, 10213.0, 10228.0, 10236.0, 10241.0, 10245.0, 10266.0, 10284.0, 10291.0, 10294.0, 10325.0, 10363.0, 10395.0, 10421.0, 10423.0, 10438.0, 10465.0, 10471.0, 10476.0, 10487.0, 10542.0, 10560.0, 10576.0, 10580.0, 10589.0, 10591.0, 10594.0, 10603.0, 10607.0, 10625.0, 10654.0, 10730.0, 10735.0, 10742.0, 10758.0, 10767.0, 10797.0, 10865.0, 10869.0, 10882.0, 10904.0, 10912.0, 10919.0, 10921.0, 10945.0, 10950.0, 10951.0, 10952.0, 10957.0, 10969.0, 10972.0, 10983.0, 10993.0, 11007.0, 11017.0, 11018.0, 11021.0, 11091.0, 11096.0, 11102.0, 11144.0, 11157.0, 11168.0, 11186.0, 11190.0, 11194.0, 11258.0, 11261.0, 11270.0, 11311.0, 11315.0, 11316.0, 11331.0, 11333.0, 11335.0, 11345.0, 22795.0, 22826.0, 22828.0, 22873.0, 22889.0, 22897.0, 22899.0, 22902.0, 22905.0, 22907.0, 22924.0, 22936.0, 22937.0, 22983.0, 22994.0, 23016.0, 23031.0, 23038.0, 23064.0, 23076.0, 23090.0, 23113.0, 23125.0, 23139.0, 23148.0, 23152.0, 23164.0, 23173.0, 23175.0, 23186.0, 23190.0, 23195.0, 23208.0, 23214.0, 23224.0, 23225.0, 23228.0, 23233.0, 23246.0, 23293.0, 23334.0, 23338.0, 23380.0, 23399.0, 23400.0, 23428.0, 23450.0, 23474.0, 23476.0, 23479.0, 23480.0, 23514.0, 23523.0, 23534.0, 23557.0, 23559.0, 23564.0, 23594.0, 23596.0, 23613.0, 23616.0, 23643.0, 23647.0, 23658.0, 23704.0, 23710.0, 23762.0, 23764.0, 24148.0, 25766.0, 25804.0, 25824.0, 25901.0, 25911.0, 25924.0, 25949.0, 25960.0, 25972.0, 25983.0, 25999.0, 26000.0, 26017.0, 26046.0, 26065.0, 26145.0, 26151.0, 26153.0, 26155.0, 26168.0, 26249.0, 26270.0, 26354.0, 26355.0, 26505.0, 26520.0, 26523.0, 27018.0, 27069.0, 27086.0, 27111.0, 27122.0, 27124.0, 27153.0, 27158.0, 27237.0, 27246.0, 27247.0, 27257.0, 27258.0, 27297.0, 27340.0, 28952.0, 28956.0, 28969.0, 28972.0, 28985.0, 28998.0, 29085.0, 29099.0, 29102.0, 29115.0, 29118.0, 29775.0, 29844.0, 29890.0, 29923.0, 29925.0, 29934.0, 29970.0, 29979.0, 29982.0, 29998.0, 30011.0, 49855.0, 49861.0, 50485.0, 50618.0, 50861.0, 51002.0, 51003.0, 51008.0, 51016.0, 51019.0, 51026.0, 51058.0, 51060.0, 51065.0, 51076.0, 51077.0, 51106.0, 51112.0, 51119.0, 51121.0, 51126.0, 51128.0, 51129.0, 51138.0, 51142.0, 51147.0, 51154.0, 51157.0, 51171.0, 51187.0, 51188.0, 51255.0, 51271.0, 51274.0, 51330.0, 51347.0, 51371.0, 51406.0, 51421.0, 51440.0, 51449.0, 51473.0, 51499.0, 51501.0, 51510.0, 51520.0, 51529.0, 51537.0, 51538.0, 51560.0, 51562.0, 51573.0, 51594.0, 51621.0, 51639.0, 51646.0, 51667.0, 51693.0, 51706.0, 51759.0, 53917.0, 54107.0, 54212.0, 54221.0, 54329.0, 54344.0, 54458.0, 54461.0, 54469.0, 54499.0, 54531.0, 54538.0, 54541.0, 54543.0, 54707.0, 54732.0, 54843.0, 54873.0, 54876.0, 54883.0, 54886.0, 54902.0, 54923.0, 54940.0, 54957.0, 54968.0, 55022.0, 55023.0, 55082.0, 55111.0, 55117.0, 55142.0, 55167.0, 55193.0, 55201.0, 55223.0, 55262.0, 55308.0, 55327.0, 55342.0, 55437.0, 55503.0, 55505.0, 55588.0, 55607.0, 55611.0, 55619.0, 55636.0, 55651.0, 55656.0, 55670.0, 55697.0, 55731.0, 55744.0, 55759.0, 55764.0, 55806.0, 55814.0, 55829.0, 55831.0, 55837.0, 55845.0, 55854.0, 55860.0, 55863.0, 55888.0, 55901.0, 55905.0, 55920.0, 55954.0, 55967.0, 56270.0, 56271.0, 56478.0, 56616.0, 56851.0, 56897.0, 56900.0, 56920.0, 56984.0, 56993.0, 57019.0, 57132.0, 57147.0, 57179.0, 57192.0, 57337.0, 57403.0, 57460.0, 57461.0, 57492.0, 57493.0, 57561.0, 57617.0, 57644.0, 57655.0, 57662.0, 57701.0, 57724.0, 57727.0, 57731.0, 58490.0, 58491.0, 58494.0, 58499.0, 58506.0, 58508.0, 58515.0, 59274.0, 59284.0, 59286.0, 60592.0, 60685.0, 63875.0, 63892.0, 63901.0, 63925.0, 63932.0, 63933.0, 64061.0, 64121.0, 64421.0, 64423.0, 64425.0, 64755.0, 64776.0, 64802.0, 64864.0, 64968.0, 64979.0, 64983.0, 65008.0, 65117.0, 65265.0, 78988.0, 78999.0, 79003.0, 79016.0, 79035.0, 79058.0, 79074.0, 79101.0, 79135.0, 79176.0, 79443.0, 79576.0, 79581.0, 79583.0, 79591.0, 79618.0, 79654.0, 79719.0, 79735.0, 79753.0, 79770.0, 79794.0, 79798.0, 79812.0, 79843.0, 79892.0, 79898.0, 79915.0, 79921.0, 79939.0, 79947.0, 79960.0, 80010.0, 80145.0, 80176.0, 80233.0, 80306.0, 80335.0, 80349.0, 80714.0, 80726.0, 80758.0, 80777.0, 81544.0, 81554.0, 81567.0, 81572.0, 81609.0, 81618.0, 81839.0, 81853.0, 81858.0, 81892.0, 81929.0, 83544.0, 83658.0, 83855.0, 83872.0, 83992.0, 84074.0, 84078.0, 84219.0, 84230.0, 84246.0, 84258.0, 84305.0, 84316.0, 84335.0, 84337.0, 84418.0, 84464.0, 84520.0, 84525.0, 84549.0, 84561.0, 84617.0, 84656.0, 84661.0, 84688.0, 84693.0, 84707.0, 84722.0, 84844.0, 84902.0, 84904.0, 84936.0, 84964.0, 85013.0, 85236.0, 85437.0, 89887.0, 90121.0, 90407.0, 90410.0, 90411.0, 90485.0, 90639.0, 90809.0, 90952.0, 91039.0, 91156.0, 91368.0, 91408.0, 91574.0, 91689.0, 91942.0, 91975.0, 92342.0, 92609.0, 93099.0, 93611.0, 93974.0, 94101.0, 94103.0, 94107.0, 103910.0, 112464.0, 112611.0, 112755.0, 112869.0, 112942.0, 113000.0, 113146.0, 113179.0, 113246.0, 113402.0, 113791.0, 114881.0, 114900.0, 114991.0, 115361.0, 115704.0, 115950.0, 116092.0, 116228.0, 116362.0, 116541.0, 116835.0, 118487.0, 119032.0, 121642.0, 122509.0, 122553.0, 123016.0, 124925.0, 124961.0, 125875.0, 125988.0, 126326.0, 126669.0, 126823.0, 128866.0, 130502.0, 130557.0, 132789.0, 135154.0, 136332.0, 136647.0, 137392.0, 139341.0, 140459.0, 140465.0, 140606.0, 140706.0, 140735.0, 140823.0, 140876.0, 142678.0, 146395.0, 147923.0, 149840.0, 149986.0, 150678.0, 151903.0, 152273.0, 152926.0, 153527.0, 153562.0, 157285.0, 157807.0, 161145.0, 161198.0, 161882.0, 162979.0, 163087.0, 163126.0, 163183.0, 170575.0, 170622.0, 171546.0, 196463.0, 196883.0, 200014.0, 200916.0, 201254.0, 201475.0, 201798.0, 203286.0, 206358.0, 219541.0, 219738.0, 219899.0, 220965.0, 220988.0, 221395.0, 221424.0, 221692.0, 246243.0, 253558.0, 254427.0, 255394.0, 282991.0, 283385.0, 283489.0, 283742.0, 283987.0, 285349.0, 285672.0, 285855.0, 286053.0, 337867.0, 339344.0, 339487.0, 340542.0, 340543.0, 340706.0, 342979.0, 345275.0, 353497.0, 374655.0, 374920.0, 375056.0, 375323.0, 375567.0, 375790.0, 387856.0, 388121.0, 388962.0, 389677.0, 440026.0, 440093.0, 493753.0, 727800.0, 728568.0, 729438.0, 729515.0, 729967.0, 751071.0, 100101267.0, 100128731.0, 100129583.0, 100287932.0, 100506658.0, 101928527.0 
GO:0008137 MF 3.57e-09 19/1709    42/17265 D07 NADH dehydrogenase (ubiquinone) activity 4694.0, 4695.0, 4696.0, 4697.0, 4700.0, 4702.0, 4705.0, 4707.0, 4709.0, 4710.0, 4712.0, 4713.0, 4714.0, 4717.0, 4718.0, 4724.0, 4726.0, 4731.0, 55967.0 
GO:0046933 MF 4.03e-07 10/1709    16/17265 D08 proton-transporting ATP synthase activity, rotational mechanism 498.0, 506.0, 509.0, 514.0, 515.0, 521.0, 522.0, 527.0, 539.0, 10476.0 
